# Output parameters. The values of OSNR are evaluated in the -3 dB channel band

osnr_lin_central_channel_db = 16.4028399505

osnr_nl_central_channel_db = 13.941156707

osnr_lin_db = [ 16.42556568  16.42442656  16.42328775  16.42214923  16.42101101
  16.41987309  16.41873546  16.41759814  16.41646111  16.41532438
  16.41418795  16.41305181  16.41191598  16.41078044  16.40964519
  16.40851024  16.40737559  16.40624124  16.40510718  16.40397342
  16.40283995  16.40170678  16.4005739   16.39944132  16.39830904
  16.39717705  16.39604536  16.39491396  16.39378285  16.39265204
  16.39152153  16.3903913   16.38926138  16.38813174  16.3870024
  16.38587336  16.3847446   16.38361614  16.38248798  16.3813601
  16.38023252]

osnr_nl_db = [ 14.56599182  14.34782496  14.24703694  14.18301211  14.13697076
  14.10160835  14.07333726  14.05013614  14.03075769  14.01438107
  14.00043981  13.98852879  13.97835041  13.96968173  13.9623536
  13.95623691  13.95123332  13.94726894  13.94428997  13.94225971
  13.94115671  13.94097365  13.94171703  13.94340747  13.94608075
  13.94978974  13.95460725  13.96063042  13.96798695  13.97684432
  13.9874234   14.00001921  14.01503349  14.03302814  14.05481758
  14.08163958  14.11550031  14.15996083  14.22227211  14.32107667
  14.5363949 ]

spectrum = {'laser_position': [1, 0, 0, 0, 0, 0, 0, 0, 1, 0, 0, 0, 0, 0, 0, 0, 1, 0, 0, 0, 0, 0, 0, 0, 1, 0, 0, 0, 0, 0, 0, 0, 1, 0, 0, 0, 0, 0, 0, 0, 1, 0, 0, 0, 0, 0, 0, 0, 1, 0, 0, 0, 0, 0, 0, 0, 1, 0, 0, 0, 0, 0, 0, 0, 1, 0, 0, 0, 0, 0, 0, 0, 1, 0, 0, 0, 0, 0, 0, 0, 1, 0, 0, 0, 0, 0, 0, 0, 1, 0, 0, 0, 0, 0, 0, 0, 1, 0, 0, 0, 0, 0, 0, 0, 1, 0, 0, 0, 0, 0, 0, 0, 1, 0, 0, 0, 0, 0, 0, 0, 1, 0, 0, 0, 0, 0, 0, 0, 1, 0, 0, 0, 0, 0, 0, 0, 1, 0, 0, 0, 0, 0, 0, 0, 1, 0, 0, 0, 0, 0, 0, 0, 1, 0, 0, 0, 0, 0, 0, 0, 1, 0, 0, 0, 0, 0, 0, 0, 1, 0, 0, 0, 0, 0, 0, 0, 1, 0, 0, 0, 0, 0, 0, 0, 1, 0, 0, 0, 0, 0, 0, 0, 1, 0, 0, 0, 0, 0, 0, 0, 1, 0, 0, 0, 0, 0, 0, 0, 1, 0, 0, 0, 0, 0, 0, 0, 1, 0, 0, 0, 0, 0, 0, 0, 1, 0, 0, 0, 0, 0, 0, 0, 1, 0, 0, 0, 0, 0, 0, 0, 1, 0, 0, 0, 0, 0, 0, 0, 1, 0, 0, 0, 0, 0, 0, 0, 1, 0, 0, 0, 0, 0, 0, 0, 1, 0, 0, 0, 0, 0, 0, 0, 1, 0, 0, 0, 0, 0, 0, 0, 1, 0, 0, 0, 0, 0, 0, 0, 1, 0, 0, 0, 0, 0, 0, 0, 1, 0, 0, 0, 0, 0, 0, 0, 1, 0, 0, 0, 0, 0, 0, 0, 1, 0, 0, 0, 0, 0, 0, 0, 1, 0, 0, 0, 0, 0, 0, 0, 0, 0, 0, 0, 0, 0, 0, 0, 0, 0, 0, 0, 0, 0, 0, 0, 0, 0, 0, 0, 0, 0, 0, 0, 0, 0, 0, 0, 0, 0, 0, 0, 0, 0, 0, 0, 0, 0, 0, 0, 0, 0, 0, 0, 0, 0, 0, 0, 0, 0, 0, 0, 0, 0, 0, 0, 0, 0, 0, 0, 0, 0, 0, 0, 0, 0, 0, 0, 0, 0, 0, 0, 0, 0, 0, 0, 0, 0, 0, 0, 0, 0, 0, 0, 0, 0, 0, 0, 0, 0, 0, 0, 0, 0, 0, 0, 0, 0, 0, 0, 0, 0, 0, 0, 0, 0, 0, 0, 0, 0, 0, 0, 0, 0, 0, 0, 0, 0, 0, 0, 0, 0, 0, 0, 0, 0, 0, 0, 0, 0, 0, 0, 0, 0, 0, 0, 0, 0, 0, 0, 0, 0, 0, 0, 0, 0, 0, 0, 0, 0, 0, 0, 0, 0, 0, 0, 0, 0, 0, 0, 0, 0, 0, 0, 0, 0, 0, 0, 0, 0, 0, 0, 0, 0, 0, 0, 0, 0, 0, 0, 0, 0, 0, 0, 0, 0, 0, 0, 0, 0, 0, 0, 0, 0, 0, 0, 0, 0, 0, 0, 0, 0, 0, 0, 0, 0, 0, 0, 0, 0, 0, 0, 0, 0, 0, 0, 0, 0, 0, 0, 0, 0, 0, 0, 0, 0, 0, 0, 0, 0, 0, 0, 0, 0, 0, 0, 0, 0, 0, 0, 0, 0, 0, 0, 0, 0, 0, 0, 0, 0, 0, 0, 0, 0, 0, 0, 0, 0, 0, 0, 0, 0, 0, 0, 0, 0, 0, 0, 0, 0, 0, 0, 0, 0, 0, 0, 0, 0, 0, 0, 0, 0, 0, 0, 0, 0, 0, 0, 0, 0, 0, 0, 0, 0, 0, 0, 0, 0, 0, 0, 0, 0, 0, 0, 0, 0, 0, 0, 0, 0, 0, 0, 0, 0, 0, 0, 0, 0, 0, 0, 0, 0, 0, 0, 0, 0, 0, 0, 0, 0, 0, 0, 0, 0, 0, 0, 0, 0, 0, 0, 0, 0, 0, 0, 0, 0, 0, 0, 0, 0, 0, 0, 0, 0, 0, 0, 0, 0, 0, 0, 0, 0, 0, 0, 0, 0, 0, 0, 0, 0, 0, 0, 0, 0, 0, 0, 0, 0, 0, 0, 0, 0, 0, 0, 0, 0, 0, 0, 0, 0, 0, 0, 0, 0, 0, 0, 0, 0, 0, 0, 0, 0, 0, 0, 0, 0, 0, 0, 0, 0, 0, 0, 0, 0, 0, 0, 0, 0, 0, 0, 0, 0, 0, 0, 0, 0, 0, 0, 0, 0, 0, 0, 0, 0, 0, 0, 0, 0, 0, 0, 0, 0, 0, 0, 0, 0, 0, 0, 0, 0, 0, 0, 0, 0, 0, 0, 0, 0, 0, 0, 0, 0, 0, 0, 0, 0, 0, 0, 0, 0, 0, 0], 'signals': [{'b_ch': 0.032, 'roll_off': 0.15, 'p_ch': 0.001, 'p_nli': 1.2172053393597518e-05, 'p_ase': 2.2774215833589437e-05}, {'b_ch': 0.032, 'roll_off': 0.15, 'p_ch': 0.001, 'p_nli': 1.3966438895996931e-05, 'p_ase': 2.2780190087885962e-05}, {'b_ch': 0.032, 'roll_off': 0.15, 'p_ch': 0.001, 'p_nli': 1.4823227097271864e-05, 'p_ase': 2.278616434218248e-05}, {'b_ch': 0.032, 'roll_off': 0.15, 'p_ch': 0.001, 'p_nli': 1.5375807368004826e-05, 'p_ase': 2.2792138596479008e-05}, {'b_ch': 0.032, 'roll_off': 0.15, 'p_ch': 0.001, 'p_nli': 1.5776619739632676e-05, 'p_ase': 2.2798112850775505e-05}, {'b_ch': 0.032, 'roll_off': 0.15, 'p_ch': 0.001, 'p_nli': 1.6086022344963988e-05, 'p_ase': 2.2804087105072033e-05}, {'b_ch': 0.032, 'roll_off': 0.15, 'p_ch': 0.001, 'p_nli': 1.6334035182881331e-05, 'p_ase': 2.2810061359368558e-05}, {'b_ch': 0.032, 'roll_off': 0.15, 'p_ch': 0.001, 'p_nli': 1.653773827228425e-05, 'p_ase': 2.2816035613665076e-05}, {'b_ch': 0.032, 'roll_off': 0.15, 'p_ch': 0.001, 'p_nli': 1.6707754995376521e-05, 'p_ase': 2.2822009867961604e-05}, {'b_ch': 0.032, 'roll_off': 0.15, 'p_ch': 0.001, 'p_nli': 1.6851123224146e-05, 'p_ase': 2.2827984122258105e-05}, {'b_ch': 0.032, 'roll_off': 0.15, 'p_ch': 0.001, 'p_nli': 1.6972727268181664e-05, 'p_ase': 2.2833958376554626e-05}, {'b_ch': 0.032, 'roll_off': 0.15, 'p_ch': 0.001, 'p_nli': 1.70760771760878e-05, 'p_ase': 2.2839932630851158e-05}, {'b_ch': 0.032, 'roll_off': 0.15, 'p_ch': 0.001, 'p_nli': 1.7163762131475254e-05, 'p_ase': 2.2845906885147676e-05}, {'b_ch': 0.032, 'roll_off': 0.15, 'p_ch': 0.001, 'p_nli': 1.7237728418902014e-05, 'p_ase': 2.285188113944418e-05}, {'b_ch': 0.032, 'roll_off': 0.15, 'p_ch': 0.001, 'p_nli': 1.7299457055264317e-05, 'p_ase': 2.2857855393740698e-05}, {'b_ch': 0.032, 'roll_off': 0.15, 'p_ch': 0.001, 'p_nli': 1.7350081051617961e-05, 'p_ase': 2.2863829648037229e-05}, {'b_ch': 0.032, 'roll_off': 0.15, 'p_ch': 0.001, 'p_nli': 1.7390464713149731e-05, 'p_ase': 2.286980390233375e-05}, {'b_ch': 0.032, 'roll_off': 0.15, 'p_ch': 0.001, 'p_nli': 1.742125808145899e-05, 'p_ase': 2.2875778156630272e-05}, {'b_ch': 0.032, 'roll_off': 0.15, 'p_ch': 0.001, 'p_nli': 1.7442934435864555e-05, 'p_ase': 2.2881752410926776e-05}, {'b_ch': 0.032, 'roll_off': 0.15, 'p_ch': 0.001, 'p_nli': 1.7455815738818658e-05, 'p_ase': 2.2887726665223297e-05}, {'b_ch': 0.032, 'roll_off': 0.15, 'p_ch': 0.001, 'p_nli': 1.7460089051500259e-05, 'p_ase': 2.2893700919519822e-05}, {'b_ch': 0.032, 'roll_off': 0.15, 'p_ch': 0.001, 'p_nli': 1.7455815738818658e-05, 'p_ase': 2.2899675173816347e-05}, {'b_ch': 0.032, 'roll_off': 0.15, 'p_ch': 0.001, 'p_nli': 1.7442934435864542e-05, 'p_ase': 2.2905649428112864e-05}, {'b_ch': 0.032, 'roll_off': 0.15, 'p_ch': 0.001, 'p_nli': 1.7421258081458979e-05, 'p_ase': 2.2911623682409392e-05}, {'b_ch': 0.032, 'roll_off': 0.15, 'p_ch': 0.001, 'p_nli': 1.7390464713149717e-05, 'p_ase': 2.2917597936705893e-05}, {'b_ch': 0.032, 'roll_off': 0.15, 'p_ch': 0.001, 'p_nli': 1.7350081051617961e-05, 'p_ase': 2.2923572191002418e-05}, {'b_ch': 0.032, 'roll_off': 0.15, 'p_ch': 0.001, 'p_nli': 1.7299457055264317e-05, 'p_ase': 2.2929546445298943e-05}, {'b_ch': 0.032, 'roll_off': 0.15, 'p_ch': 0.001, 'p_nli': 1.7237728418902007e-05, 'p_ase': 2.2935520699595464e-05}, {'b_ch': 0.032, 'roll_off': 0.15, 'p_ch': 0.001, 'p_nli': 1.7163762131475244e-05, 'p_ase': 2.2941494953891989e-05}, {'b_ch': 0.032, 'roll_off': 0.15, 'p_ch': 0.001, 'p_nli': 1.7076077176087807e-05, 'p_ase': 2.2947469208188493e-05}, {'b_ch': 0.032, 'roll_off': 0.15, 'p_ch': 0.001, 'p_nli': 1.6972727268181664e-05, 'p_ase': 2.2953443462485011e-05}, {'b_ch': 0.032, 'roll_off': 0.15, 'p_ch': 0.001, 'p_nli': 1.6851123224146e-05, 'p_ase': 2.2959417716781542e-05}, {'b_ch': 0.032, 'roll_off': 0.15, 'p_ch': 0.001, 'p_nli': 1.6707754995376508e-05, 'p_ase': 2.296539197107806e-05}, {'b_ch': 0.032, 'roll_off': 0.15, 'p_ch': 0.001, 'p_nli': 1.653773827228425e-05, 'p_ase': 2.2971366225374585e-05}, {'b_ch': 0.032, 'roll_off': 0.15, 'p_ch': 0.001, 'p_nli': 1.6334035182881334e-05, 'p_ase': 2.2977340479671086e-05}, {'b_ch': 0.032, 'roll_off': 0.15, 'p_ch': 0.001, 'p_nli': 1.6086022344963981e-05, 'p_ase': 2.298331473396761e-05}, {'b_ch': 0.032, 'roll_off': 0.15, 'p_ch': 0.001, 'p_nli': 1.5776619739632676e-05, 'p_ase': 2.2989288988264138e-05}, {'b_ch': 0.032, 'roll_off': 0.15, 'p_ch': 0.001, 'p_nli': 1.5375807368004816e-05, 'p_ase': 2.2995263242560656e-05}, {'b_ch': 0.032, 'roll_off': 0.15, 'p_ch': 0.001, 'p_nli': 1.4823227097271871e-05, 'p_ase': 2.3001237496857181e-05}, {'b_ch': 0.032, 'roll_off': 0.15, 'p_ch': 0.001, 'p_nli': 1.3966438895996947e-05, 'p_ase': 2.3007211751153679e-05}, {'b_ch': 0.032, 'roll_off': 0.15, 'p_ch': 0.001, 'p_nli': 1.2172053393597513e-05, 'p_ase': 2.3013186005450207e-05}]}
