# Output parameters. The values of OSNR are evaluated in the -3 dB channel band

osnr_lin_central_channel_db = 20.5045846014

osnr_nl_central_channel_db = 17.7824301369

osnr_lin_db = [ 20.52731033  20.52617121  20.5250324   20.52389388  20.52275566
  20.52161774  20.52048012  20.51934279  20.51820576  20.51706903
  20.5159326   20.51479647  20.51366063  20.51252509  20.51138984
  20.51025489  20.50912024  20.50798589  20.50685183  20.50571807
  20.5045846   20.50345143  20.50231856  20.50118598  20.50005369
  20.4989217   20.49779001  20.49665861  20.4955275   20.49439669
  20.49326618  20.49213596  20.49100603  20.48987639  20.48874705
  20.48761801  20.48648925  20.48536079  20.48423263  20.48310475
  20.48197717]

osnr_nl_db = [ 18.45684355  18.21994283  18.11088746  18.04174997  17.99210664
  17.95402573  17.92361578  17.89868601  17.87788551  17.86032577
  17.84539388  17.83265171  17.82177752  17.81253037  17.80472749
  17.79822942  17.79292997  17.78874936  17.78562951  17.78353081
  17.78243014  17.78231961  17.78320627  17.78511241  17.78807671
  17.79215629  17.79742984  17.80400235  17.81201183  17.82163935
  17.83312374  17.84678412  17.86305516  17.88254509  17.90613588
  17.93516866  17.97181863  18.01994994  18.08743913  18.19456806
  18.42864498]

spectrum = {'laser_position': [1, 0, 0, 0, 0, 0, 0, 0, 1, 0, 0, 0, 0, 0, 0, 0, 1, 0, 0, 0, 0, 0, 0, 0, 1, 0, 0, 0, 0, 0, 0, 0, 1, 0, 0, 0, 0, 0, 0, 0, 1, 0, 0, 0, 0, 0, 0, 0, 1, 0, 0, 0, 0, 0, 0, 0, 1, 0, 0, 0, 0, 0, 0, 0, 1, 0, 0, 0, 0, 0, 0, 0, 1, 0, 0, 0, 0, 0, 0, 0, 1, 0, 0, 0, 0, 0, 0, 0, 1, 0, 0, 0, 0, 0, 0, 0, 1, 0, 0, 0, 0, 0, 0, 0, 1, 0, 0, 0, 0, 0, 0, 0, 1, 0, 0, 0, 0, 0, 0, 0, 1, 0, 0, 0, 0, 0, 0, 0, 1, 0, 0, 0, 0, 0, 0, 0, 1, 0, 0, 0, 0, 0, 0, 0, 1, 0, 0, 0, 0, 0, 0, 0, 1, 0, 0, 0, 0, 0, 0, 0, 1, 0, 0, 0, 0, 0, 0, 0, 1, 0, 0, 0, 0, 0, 0, 0, 1, 0, 0, 0, 0, 0, 0, 0, 1, 0, 0, 0, 0, 0, 0, 0, 1, 0, 0, 0, 0, 0, 0, 0, 1, 0, 0, 0, 0, 0, 0, 0, 1, 0, 0, 0, 0, 0, 0, 0, 1, 0, 0, 0, 0, 0, 0, 0, 1, 0, 0, 0, 0, 0, 0, 0, 1, 0, 0, 0, 0, 0, 0, 0, 1, 0, 0, 0, 0, 0, 0, 0, 1, 0, 0, 0, 0, 0, 0, 0, 1, 0, 0, 0, 0, 0, 0, 0, 1, 0, 0, 0, 0, 0, 0, 0, 1, 0, 0, 0, 0, 0, 0, 0, 1, 0, 0, 0, 0, 0, 0, 0, 1, 0, 0, 0, 0, 0, 0, 0, 1, 0, 0, 0, 0, 0, 0, 0, 1, 0, 0, 0, 0, 0, 0, 0, 1, 0, 0, 0, 0, 0, 0, 0, 1, 0, 0, 0, 0, 0, 0, 0, 0, 0, 0, 0, 0, 0, 0, 0, 0, 0, 0, 0, 0, 0, 0, 0, 0, 0, 0, 0, 0, 0, 0, 0, 0, 0, 0, 0, 0, 0, 0, 0, 0, 0, 0, 0, 0, 0, 0, 0, 0, 0, 0, 0, 0, 0, 0, 0, 0, 0, 0, 0, 0, 0, 0, 0, 0, 0, 0, 0, 0, 0, 0, 0, 0, 0, 0, 0, 0, 0, 0, 0, 0, 0, 0, 0, 0, 0, 0, 0, 0, 0, 0, 0, 0, 0, 0, 0, 0, 0, 0, 0, 0, 0, 0, 0, 0, 0, 0, 0, 0, 0, 0, 0, 0, 0, 0, 0, 0, 0, 0, 0, 0, 0, 0, 0, 0, 0, 0, 0, 0, 0, 0, 0, 0, 0, 0, 0, 0, 0, 0, 0, 0, 0, 0, 0, 0, 0, 0, 0, 0, 0, 0, 0, 0, 0, 0, 0, 0, 0, 0, 0, 0, 0, 0, 0, 0, 0, 0, 0, 0, 0, 0, 0, 0, 0, 0, 0, 0, 0, 0, 0, 0, 0, 0, 0, 0, 0, 0, 0, 0, 0, 0, 0, 0, 0, 0, 0, 0, 0, 0, 0, 0, 0, 0, 0, 0, 0, 0, 0, 0, 0, 0, 0, 0, 0, 0, 0, 0, 0, 0, 0, 0, 0, 0, 0, 0, 0, 0, 0, 0, 0, 0, 0, 0, 0, 0, 0, 0, 0, 0, 0, 0, 0, 0, 0, 0, 0, 0, 0, 0, 0, 0, 0, 0, 0, 0, 0, 0, 0, 0, 0, 0, 0, 0, 0, 0, 0, 0, 0, 0, 0, 0, 0, 0, 0, 0, 0, 0, 0, 0, 0, 0, 0, 0, 0, 0, 0, 0, 0, 0, 0, 0, 0, 0, 0, 0, 0, 0, 0, 0, 0, 0, 0, 0, 0, 0, 0, 0, 0, 0, 0, 0, 0, 0, 0, 0, 0, 0, 0, 0, 0, 0, 0, 0, 0, 0, 0, 0, 0, 0, 0, 0, 0, 0, 0, 0, 0, 0, 0, 0, 0, 0, 0, 0, 0, 0, 0, 0, 0, 0, 0, 0, 0, 0, 0, 0, 0, 0, 0, 0, 0, 0, 0, 0, 0, 0, 0, 0, 0, 0, 0, 0, 0, 0, 0, 0, 0, 0, 0, 0, 0, 0, 0, 0, 0, 0, 0, 0, 0, 0, 0, 0, 0, 0, 0, 0, 0, 0, 0, 0, 0, 0, 0, 0, 0, 0, 0, 0, 0, 0, 0, 0, 0, 0, 0, 0, 0, 0, 0, 0, 0, 0, 0, 0, 0, 0, 0, 0, 0, 0, 0, 0, 0, 0, 0, 0, 0, 0, 0, 0, 0, 0, 0, 0, 0, 0, 0, 0, 0, 0, 0, 0, 0, 0, 0, 0, 0, 0, 0, 0, 0, 0, 0, 0, 0, 0, 0, 0, 0, 0, 0, 0, 0, 0, 0, 0, 0, 0, 0, 0, 0], 'signals': [{'b_ch': 0.032, 'roll_off': 0.15, 'p_ch': 1.0000000000000001e-05, 'p_nli': 5.4098015082655633e-08, 'p_ase': 8.856639490840337e-08}, {'b_ch': 0.032, 'roll_off': 0.15, 'p_ch': 1.0000000000000001e-05, 'p_nli': 6.2073061759986361e-08, 'p_ase': 8.8589628119556518e-08}, {'b_ch': 0.032, 'roll_off': 0.15, 'p_ch': 1.0000000000000001e-05, 'p_nli': 6.588100932120826e-08, 'p_ase': 8.8612861330709641e-08}, {'b_ch': 0.032, 'roll_off': 0.15, 'p_ch': 1.0000000000000001e-05, 'p_nli': 6.8336921635576998e-08, 'p_ase': 8.8636094541862789e-08}, {'b_ch': 0.032, 'roll_off': 0.15, 'p_ch': 1.0000000000000001e-05, 'p_nli': 7.0118309953923002e-08, 'p_ase': 8.8659327753015898e-08}, {'b_ch': 0.032, 'roll_off': 0.15, 'p_ch': 1.0000000000000001e-05, 'p_nli': 7.1493432644284371e-08, 'p_ase': 8.868256096416902e-08}, {'b_ch': 0.032, 'roll_off': 0.15, 'p_ch': 1.0000000000000001e-05, 'p_nli': 7.2595711923916997e-08, 'p_ase': 8.8705794175322156e-08}, {'b_ch': 0.032, 'roll_off': 0.15, 'p_ch': 1.0000000000000001e-05, 'p_nli': 7.3501058987930025e-08, 'p_ase': 8.8729027386475278e-08}, {'b_ch': 0.032, 'roll_off': 0.15, 'p_ch': 1.0000000000000001e-05, 'p_nli': 7.4256688868340055e-08, 'p_ase': 8.8752260597628427e-08}, {'b_ch': 0.032, 'roll_off': 0.15, 'p_ch': 1.0000000000000001e-05, 'p_nli': 7.4893880996204406e-08, 'p_ase': 8.8775493808781549e-08}, {'b_ch': 0.032, 'roll_off': 0.15, 'p_ch': 1.0000000000000001e-05, 'p_nli': 7.5434343414140718e-08, 'p_ase': 8.8798727019934658e-08}, {'b_ch': 0.032, 'roll_off': 0.15, 'p_ch': 1.0000000000000001e-05, 'p_nli': 7.5893676338167972e-08, 'p_ase': 8.882196023108782e-08}, {'b_ch': 0.032, 'roll_off': 0.15, 'p_ch': 1.0000000000000001e-05, 'p_nli': 7.6283387251001124e-08, 'p_ase': 8.8845193442240929e-08}, {'b_ch': 0.032, 'roll_off': 0.15, 'p_ch': 1.0000000000000001e-05, 'p_nli': 7.6612126306231135e-08, 'p_ase': 8.8868426653394051e-08}, {'b_ch': 0.032, 'roll_off': 0.15, 'p_ch': 1.0000000000000001e-05, 'p_nli': 7.6886475801174723e-08, 'p_ase': 8.88916598645472e-08}, {'b_ch': 0.032, 'roll_off': 0.15, 'p_ch': 1.0000000000000001e-05, 'p_nli': 7.7111471340524274e-08, 'p_ase': 8.8914893075700348e-08}, {'b_ch': 0.032, 'roll_off': 0.15, 'p_ch': 1.0000000000000001e-05, 'p_nli': 7.7290954280665431e-08, 'p_ase': 8.8938126286853471e-08}, {'b_ch': 0.032, 'roll_off': 0.15, 'p_ch': 1.0000000000000001e-05, 'p_nli': 7.7427813695373267e-08, 'p_ase': 8.8961359498006593e-08}, {'b_ch': 0.032, 'roll_off': 0.15, 'p_ch': 1.0000000000000001e-05, 'p_nli': 7.7524153048286872e-08, 'p_ase': 8.8984592709159728e-08}, {'b_ch': 0.032, 'roll_off': 0.15, 'p_ch': 1.0000000000000001e-05, 'p_nli': 7.7581403283638476e-08, 'p_ase': 8.900782592031285e-08}, {'b_ch': 0.032, 'roll_off': 0.15, 'p_ch': 1.0000000000000001e-05, 'p_nli': 7.7600395784445547e-08, 'p_ase': 8.9031059131465986e-08}, {'b_ch': 0.032, 'roll_off': 0.15, 'p_ch': 1.0000000000000001e-05, 'p_nli': 7.7581403283638489e-08, 'p_ase': 8.9054292342619121e-08}, {'b_ch': 0.032, 'roll_off': 0.15, 'p_ch': 1.0000000000000001e-05, 'p_nli': 7.7524153048286846e-08, 'p_ase': 8.907752555377223e-08}, {'b_ch': 0.032, 'roll_off': 0.15, 'p_ch': 1.0000000000000001e-05, 'p_nli': 7.7427813695373214e-08, 'p_ase': 8.9100758764925379e-08}, {'b_ch': 0.032, 'roll_off': 0.15, 'p_ch': 1.0000000000000001e-05, 'p_nli': 7.7290954280665418e-08, 'p_ase': 8.9123991976078501e-08}, {'b_ch': 0.032, 'roll_off': 0.15, 'p_ch': 1.0000000000000001e-05, 'p_nli': 7.7111471340524274e-08, 'p_ase': 8.9147225187231637e-08}, {'b_ch': 0.032, 'roll_off': 0.15, 'p_ch': 1.0000000000000001e-05, 'p_nli': 7.6886475801174723e-08, 'p_ase': 8.9170458398384772e-08}, {'b_ch': 0.032, 'roll_off': 0.15, 'p_ch': 1.0000000000000001e-05, 'p_nli': 7.6612126306231109e-08, 'p_ase': 8.9193691609537881e-08}, {'b_ch': 0.032, 'roll_off': 0.15, 'p_ch': 1.0000000000000001e-05, 'p_nli': 7.6283387251001085e-08, 'p_ase': 8.921692482069103e-08}, {'b_ch': 0.032, 'roll_off': 0.15, 'p_ch': 1.0000000000000001e-05, 'p_nli': 7.5893676338167998e-08, 'p_ase': 8.9240158031844152e-08}, {'b_ch': 0.032, 'roll_off': 0.15, 'p_ch': 1.0000000000000001e-05, 'p_nli': 7.5434343414140692e-08, 'p_ase': 8.9263391242997287e-08}, {'b_ch': 0.032, 'roll_off': 0.15, 'p_ch': 1.0000000000000001e-05, 'p_nli': 7.4893880996204406e-08, 'p_ase': 8.9286624454150449e-08}, {'b_ch': 0.032, 'roll_off': 0.15, 'p_ch': 1.0000000000000001e-05, 'p_nli': 7.4256688868340042e-08, 'p_ase': 8.9309857665303532e-08}, {'b_ch': 0.032, 'roll_off': 0.15, 'p_ch': 1.0000000000000001e-05, 'p_nli': 7.3501058987930025e-08, 'p_ase': 8.933309087645668e-08}, {'b_ch': 0.032, 'roll_off': 0.15, 'p_ch': 1.0000000000000001e-05, 'p_nli': 7.2595711923917037e-08, 'p_ase': 8.9356324087609803e-08}, {'b_ch': 0.032, 'roll_off': 0.15, 'p_ch': 1.0000000000000001e-05, 'p_nli': 7.1493432644284344e-08, 'p_ase': 8.9379557298762938e-08}, {'b_ch': 0.032, 'roll_off': 0.15, 'p_ch': 1.0000000000000001e-05, 'p_nli': 7.0118309953923002e-08, 'p_ase': 8.9402790509916073e-08}, {'b_ch': 0.032, 'roll_off': 0.15, 'p_ch': 1.0000000000000001e-05, 'p_nli': 6.8336921635576985e-08, 'p_ase': 8.9426023721069209e-08}, {'b_ch': 0.032, 'roll_off': 0.15, 'p_ch': 1.0000000000000001e-05, 'p_nli': 6.58810093212083e-08, 'p_ase': 8.9449256932222331e-08}, {'b_ch': 0.032, 'roll_off': 0.15, 'p_ch': 1.0000000000000001e-05, 'p_nli': 6.2073061759986414e-08, 'p_ase': 8.9472490143375466e-08}, {'b_ch': 0.032, 'roll_off': 0.15, 'p_ch': 1.0000000000000001e-05, 'p_nli': 5.4098015082655593e-08, 'p_ase': 8.9495723354528589e-08}]}
