# Output parameters. The values of OSNR are evaluated in the -3 dB channel band

osnr_lin_central_channel_db = 18.163752541

osnr_nl_central_channel_db = 15.7020692976

osnr_lin_db = [ 18.18647827  18.18533915  18.18420034  18.18306182  18.1819236
  18.18078568  18.17964806  18.17851073  18.1773737   18.17623697
  18.17510054  18.1739644   18.17282857  18.17169303  18.17055778
  18.16942283  18.16828818  18.16715383  18.16601977  18.16488601
  18.16375254  18.16261937  18.1614865   18.16035392  18.15922163
  18.15808964  18.15695795  18.15582655  18.15469544  18.15356463
  18.15243412  18.1513039   18.15017397  18.14904433  18.14791499
  18.14678595  18.14565719  18.14452873  18.14340057  18.14227269
  18.14114511]

osnr_nl_db = [ 16.32690441  16.10873755  16.00794953  15.9439247   15.89788335
  15.86252094  15.83424985  15.81104873  15.79167028  15.77529366
  15.7613524   15.74944138  15.739263    15.73059432  15.72326619
  15.7171495   15.71214591  15.70818153  15.70520256  15.7031723
  15.7020693   15.70188624  15.70262962  15.70432006  15.70699334
  15.71070233  15.71551984  15.72154301  15.72889954  15.73775691
  15.748336    15.7609318   15.77594608  15.79394073  15.81573017
  15.84255217  15.8764129   15.92087342  15.9831847   16.08198926
  16.29730749]

spectrum = {'laser_position': [1, 0, 0, 0, 0, 0, 0, 0, 1, 0, 0, 0, 0, 0, 0, 0, 1, 0, 0, 0, 0, 0, 0, 0, 1, 0, 0, 0, 0, 0, 0, 0, 1, 0, 0, 0, 0, 0, 0, 0, 1, 0, 0, 0, 0, 0, 0, 0, 1, 0, 0, 0, 0, 0, 0, 0, 1, 0, 0, 0, 0, 0, 0, 0, 1, 0, 0, 0, 0, 0, 0, 0, 1, 0, 0, 0, 0, 0, 0, 0, 1, 0, 0, 0, 0, 0, 0, 0, 1, 0, 0, 0, 0, 0, 0, 0, 1, 0, 0, 0, 0, 0, 0, 0, 1, 0, 0, 0, 0, 0, 0, 0, 1, 0, 0, 0, 0, 0, 0, 0, 1, 0, 0, 0, 0, 0, 0, 0, 1, 0, 0, 0, 0, 0, 0, 0, 1, 0, 0, 0, 0, 0, 0, 0, 1, 0, 0, 0, 0, 0, 0, 0, 1, 0, 0, 0, 0, 0, 0, 0, 1, 0, 0, 0, 0, 0, 0, 0, 1, 0, 0, 0, 0, 0, 0, 0, 1, 0, 0, 0, 0, 0, 0, 0, 1, 0, 0, 0, 0, 0, 0, 0, 1, 0, 0, 0, 0, 0, 0, 0, 1, 0, 0, 0, 0, 0, 0, 0, 1, 0, 0, 0, 0, 0, 0, 0, 1, 0, 0, 0, 0, 0, 0, 0, 1, 0, 0, 0, 0, 0, 0, 0, 1, 0, 0, 0, 0, 0, 0, 0, 1, 0, 0, 0, 0, 0, 0, 0, 1, 0, 0, 0, 0, 0, 0, 0, 1, 0, 0, 0, 0, 0, 0, 0, 1, 0, 0, 0, 0, 0, 0, 0, 1, 0, 0, 0, 0, 0, 0, 0, 1, 0, 0, 0, 0, 0, 0, 0, 1, 0, 0, 0, 0, 0, 0, 0, 1, 0, 0, 0, 0, 0, 0, 0, 1, 0, 0, 0, 0, 0, 0, 0, 1, 0, 0, 0, 0, 0, 0, 0, 1, 0, 0, 0, 0, 0, 0, 0, 0, 0, 0, 0, 0, 0, 0, 0, 0, 0, 0, 0, 0, 0, 0, 0, 0, 0, 0, 0, 0, 0, 0, 0, 0, 0, 0, 0, 0, 0, 0, 0, 0, 0, 0, 0, 0, 0, 0, 0, 0, 0, 0, 0, 0, 0, 0, 0, 0, 0, 0, 0, 0, 0, 0, 0, 0, 0, 0, 0, 0, 0, 0, 0, 0, 0, 0, 0, 0, 0, 0, 0, 0, 0, 0, 0, 0, 0, 0, 0, 0, 0, 0, 0, 0, 0, 0, 0, 0, 0, 0, 0, 0, 0, 0, 0, 0, 0, 0, 0, 0, 0, 0, 0, 0, 0, 0, 0, 0, 0, 0, 0, 0, 0, 0, 0, 0, 0, 0, 0, 0, 0, 0, 0, 0, 0, 0, 0, 0, 0, 0, 0, 0, 0, 0, 0, 0, 0, 0, 0, 0, 0, 0, 0, 0, 0, 0, 0, 0, 0, 0, 0, 0, 0, 0, 0, 0, 0, 0, 0, 0, 0, 0, 0, 0, 0, 0, 0, 0, 0, 0, 0, 0, 0, 0, 0, 0, 0, 0, 0, 0, 0, 0, 0, 0, 0, 0, 0, 0, 0, 0, 0, 0, 0, 0, 0, 0, 0, 0, 0, 0, 0, 0, 0, 0, 0, 0, 0, 0, 0, 0, 0, 0, 0, 0, 0, 0, 0, 0, 0, 0, 0, 0, 0, 0, 0, 0, 0, 0, 0, 0, 0, 0, 0, 0, 0, 0, 0, 0, 0, 0, 0, 0, 0, 0, 0, 0, 0, 0, 0, 0, 0, 0, 0, 0, 0, 0, 0, 0, 0, 0, 0, 0, 0, 0, 0, 0, 0, 0, 0, 0, 0, 0, 0, 0, 0, 0, 0, 0, 0, 0, 0, 0, 0, 0, 0, 0, 0, 0, 0, 0, 0, 0, 0, 0, 0, 0, 0, 0, 0, 0, 0, 0, 0, 0, 0, 0, 0, 0, 0, 0, 0, 0, 0, 0, 0, 0, 0, 0, 0, 0, 0, 0, 0, 0, 0, 0, 0, 0, 0, 0, 0, 0, 0, 0, 0, 0, 0, 0, 0, 0, 0, 0, 0, 0, 0, 0, 0, 0, 0, 0, 0, 0, 0, 0, 0, 0, 0, 0, 0, 0, 0, 0, 0, 0, 0, 0, 0, 0, 0, 0, 0, 0, 0, 0, 0, 0, 0, 0, 0, 0, 0, 0, 0, 0, 0, 0, 0, 0, 0, 0, 0, 0, 0, 0, 0, 0, 0, 0, 0, 0, 0, 0, 0, 0, 0, 0, 0, 0, 0, 0, 0, 0, 0, 0, 0, 0, 0, 0, 0, 0, 0, 0, 0, 0, 0, 0, 0, 0, 0, 0, 0, 0, 0, 0, 0, 0, 0, 0, 0, 0, 0, 0, 0, 0, 0, 0, 0, 0, 0, 0, 0, 0, 0, 0, 0, 0, 0, 0, 0, 0, 0, 0, 0, 0, 0, 0, 0, 0, 0, 0, 0], 'signals': [{'b_ch': 0.032, 'roll_off': 0.15, 'p_ch': 0.001, 'p_nli': 8.1147022623983447e-06, 'p_ase': 1.5182810555726294e-05}, {'b_ch': 0.032, 'roll_off': 0.15, 'p_ch': 0.001, 'p_nli': 9.3109592639979543e-06, 'p_ase': 1.5186793391923973e-05}, {'b_ch': 0.032, 'roll_off': 0.15, 'p_ch': 0.001, 'p_nli': 9.8821513981812397e-06, 'p_ase': 1.5190776228121649e-05}, {'b_ch': 0.032, 'roll_off': 0.15, 'p_ch': 0.001, 'p_nli': 1.0250538245336553e-05, 'p_ase': 1.5194759064319333e-05}, {'b_ch': 0.032, 'roll_off': 0.15, 'p_ch': 0.001, 'p_nli': 1.051774649308845e-05, 'p_ase': 1.5198741900517006e-05}, {'b_ch': 0.032, 'roll_off': 0.15, 'p_ch': 0.001, 'p_nli': 1.0724014896642658e-05, 'p_ase': 1.5202724736714688e-05}, {'b_ch': 0.032, 'roll_off': 0.15, 'p_ch': 0.001, 'p_nli': 1.0889356788587551e-05, 'p_ase': 1.5206707572912373e-05}, {'b_ch': 0.032, 'roll_off': 0.15, 'p_ch': 0.001, 'p_nli': 1.1025158848189506e-05, 'p_ase': 1.5210690409110045e-05}, {'b_ch': 0.032, 'roll_off': 0.15, 'p_ch': 0.001, 'p_nli': 1.1138503330251011e-05, 'p_ase': 1.5214673245307731e-05}, {'b_ch': 0.032, 'roll_off': 0.15, 'p_ch': 0.001, 'p_nli': 1.1234082149430661e-05, 'p_ase': 1.5218656081505403e-05}, {'b_ch': 0.032, 'roll_off': 0.15, 'p_ch': 0.001, 'p_nli': 1.1315151512121106e-05, 'p_ase': 1.5222638917703084e-05}, {'b_ch': 0.032, 'roll_off': 0.15, 'p_ch': 0.001, 'p_nli': 1.1384051450725196e-05, 'p_ase': 1.522662175390077e-05}, {'b_ch': 0.032, 'roll_off': 0.15, 'p_ch': 0.001, 'p_nli': 1.1442508087650173e-05, 'p_ase': 1.5230604590098446e-05}, {'b_ch': 0.032, 'roll_off': 0.15, 'p_ch': 0.001, 'p_nli': 1.1491818945934672e-05, 'p_ase': 1.5234587426296123e-05}, {'b_ch': 0.032, 'roll_off': 0.15, 'p_ch': 0.001, 'p_nli': 1.1532971370176209e-05, 'p_ase': 1.5238570262493801e-05}, {'b_ch': 0.032, 'roll_off': 0.15, 'p_ch': 0.001, 'p_nli': 1.156672070107864e-05, 'p_ase': 1.5242553098691485e-05}, {'b_ch': 0.032, 'roll_off': 0.15, 'p_ch': 0.001, 'p_nli': 1.1593643142099817e-05, 'p_ase': 1.5246535934889168e-05}, {'b_ch': 0.032, 'roll_off': 0.15, 'p_ch': 0.001, 'p_nli': 1.1614172054305993e-05, 'p_ase': 1.5250518771086843e-05}, {'b_ch': 0.032, 'roll_off': 0.15, 'p_ch': 0.001, 'p_nli': 1.1628622957243031e-05, 'p_ase': 1.5254501607284522e-05}, {'b_ch': 0.032, 'roll_off': 0.15, 'p_ch': 0.001, 'p_nli': 1.1637210492545774e-05, 'p_ase': 1.5258484443482202e-05}, {'b_ch': 0.032, 'roll_off': 0.15, 'p_ch': 0.001, 'p_nli': 1.1640059367666833e-05, 'p_ase': 1.5262467279679882e-05}, {'b_ch': 0.032, 'roll_off': 0.15, 'p_ch': 0.001, 'p_nli': 1.1637210492545776e-05, 'p_ase': 1.5266450115877563e-05}, {'b_ch': 0.032, 'roll_off': 0.15, 'p_ch': 0.001, 'p_nli': 1.1628622957243031e-05, 'p_ase': 1.5270432952075237e-05}, {'b_ch': 0.032, 'roll_off': 0.15, 'p_ch': 0.001, 'p_nli': 1.1614172054305984e-05, 'p_ase': 1.5274415788272922e-05}, {'b_ch': 0.032, 'roll_off': 0.15, 'p_ch': 0.001, 'p_nli': 1.1593643142099817e-05, 'p_ase': 1.5278398624470599e-05}, {'b_ch': 0.032, 'roll_off': 0.15, 'p_ch': 0.001, 'p_nli': 1.156672070107864e-05, 'p_ase': 1.528238146066828e-05}, {'b_ch': 0.032, 'roll_off': 0.15, 'p_ch': 0.001, 'p_nli': 1.1532971370176209e-05, 'p_ase': 1.5286364296865961e-05}, {'b_ch': 0.032, 'roll_off': 0.15, 'p_ch': 0.001, 'p_nli': 1.1491818945934666e-05, 'p_ase': 1.5290347133063638e-05}, {'b_ch': 0.032, 'roll_off': 0.15, 'p_ch': 0.001, 'p_nli': 1.1442508087650163e-05, 'p_ase': 1.5294329969261319e-05}, {'b_ch': 0.032, 'roll_off': 0.15, 'p_ch': 0.001, 'p_nli': 1.1384051450725199e-05, 'p_ase': 1.5298312805458996e-05}, {'b_ch': 0.032, 'roll_off': 0.15, 'p_ch': 0.001, 'p_nli': 1.1315151512121106e-05, 'p_ase': 1.5302295641656674e-05}, {'b_ch': 0.032, 'roll_off': 0.15, 'p_ch': 0.001, 'p_nli': 1.1234082149430661e-05, 'p_ase': 1.5306278477854362e-05}, {'b_ch': 0.032, 'roll_off': 0.15, 'p_ch': 0.001, 'p_nli': 1.1138503330251011e-05, 'p_ase': 1.5310261314052036e-05}, {'b_ch': 0.032, 'roll_off': 0.15, 'p_ch': 0.001, 'p_nli': 1.1025158848189506e-05, 'p_ase': 1.5314244150249716e-05}, {'b_ch': 0.032, 'roll_off': 0.15, 'p_ch': 0.001, 'p_nli': 1.0889356788587556e-05, 'p_ase': 1.5318226986447394e-05}, {'b_ch': 0.032, 'roll_off': 0.15, 'p_ch': 0.001, 'p_nli': 1.0724014896642651e-05, 'p_ase': 1.5322209822645075e-05}, {'b_ch': 0.032, 'roll_off': 0.15, 'p_ch': 0.001, 'p_nli': 1.051774649308845e-05, 'p_ase': 1.5326192658842759e-05}, {'b_ch': 0.032, 'roll_off': 0.15, 'p_ch': 0.001, 'p_nli': 1.0250538245336547e-05, 'p_ase': 1.5330175495040433e-05}, {'b_ch': 0.032, 'roll_off': 0.15, 'p_ch': 0.001, 'p_nli': 9.8821513981812448e-06, 'p_ase': 1.5334158331238114e-05}, {'b_ch': 0.032, 'roll_off': 0.15, 'p_ch': 0.001, 'p_nli': 9.3109592639979645e-06, 'p_ase': 1.5338141167435788e-05}, {'b_ch': 0.032, 'roll_off': 0.15, 'p_ch': 0.001, 'p_nli': 8.1147022623983413e-06, 'p_ase': 1.5342124003633472e-05}]}
