# Output parameters. The values of OSNR are evaluated in the -3 dB channel band

osnr_lin_central_channel_db = 21.1740524977

osnr_nl_central_channel_db = 18.4099654413

osnr_lin_db = [ 21.19677823  21.19563911  21.19450029  21.19336178  21.19222356
  21.19108564  21.18994801  21.18881069  21.18767366  21.18653693
  21.1854005   21.18426436  21.18312852  21.18199298  21.18085774
  21.17972279  21.17858814  21.17745378  21.17631973  21.17518596
  21.1740525   21.17291933  21.17178645  21.17065387  21.16952159
  21.1683896   21.1672579   21.1661265   21.1649954   21.16386459
  21.16273407  21.16160385  21.16047392  21.15934429  21.15821495
  21.1570859   21.15595715  21.15482869  21.15370052  21.15257265
  21.15144507]

osnr_nl_db = [ 19.0921372   18.85229283  18.74194308  18.67200655  18.62180093
  18.58329601  18.55255266  18.52735357  18.50633163  18.4885877
  18.47350164  18.46063015  18.44964772  18.4403106   18.43243389
  18.42587652  18.42053107  18.41631685  18.41317509  18.41106576
  18.40996544  18.40986619  18.41077513  18.4127148   18.41572435
  18.41986155  18.42520603  18.43186397  18.43997502  18.44972236
  18.46134764  18.47517373  18.49164046  18.51136331  18.53523481
  18.5646123   18.60169745  18.65040198  18.71870068  18.82713339
  19.06415894]

spectrum = {'laser_position': [1, 0, 0, 0, 0, 0, 0, 0, 1, 0, 0, 0, 0, 0, 0, 0, 1, 0, 0, 0, 0, 0, 0, 0, 1, 0, 0, 0, 0, 0, 0, 0, 1, 0, 0, 0, 0, 0, 0, 0, 1, 0, 0, 0, 0, 0, 0, 0, 1, 0, 0, 0, 0, 0, 0, 0, 1, 0, 0, 0, 0, 0, 0, 0, 1, 0, 0, 0, 0, 0, 0, 0, 1, 0, 0, 0, 0, 0, 0, 0, 1, 0, 0, 0, 0, 0, 0, 0, 1, 0, 0, 0, 0, 0, 0, 0, 1, 0, 0, 0, 0, 0, 0, 0, 1, 0, 0, 0, 0, 0, 0, 0, 1, 0, 0, 0, 0, 0, 0, 0, 1, 0, 0, 0, 0, 0, 0, 0, 1, 0, 0, 0, 0, 0, 0, 0, 1, 0, 0, 0, 0, 0, 0, 0, 1, 0, 0, 0, 0, 0, 0, 0, 1, 0, 0, 0, 0, 0, 0, 0, 1, 0, 0, 0, 0, 0, 0, 0, 1, 0, 0, 0, 0, 0, 0, 0, 1, 0, 0, 0, 0, 0, 0, 0, 1, 0, 0, 0, 0, 0, 0, 0, 1, 0, 0, 0, 0, 0, 0, 0, 1, 0, 0, 0, 0, 0, 0, 0, 1, 0, 0, 0, 0, 0, 0, 0, 1, 0, 0, 0, 0, 0, 0, 0, 1, 0, 0, 0, 0, 0, 0, 0, 1, 0, 0, 0, 0, 0, 0, 0, 1, 0, 0, 0, 0, 0, 0, 0, 1, 0, 0, 0, 0, 0, 0, 0, 1, 0, 0, 0, 0, 0, 0, 0, 1, 0, 0, 0, 0, 0, 0, 0, 1, 0, 0, 0, 0, 0, 0, 0, 1, 0, 0, 0, 0, 0, 0, 0, 1, 0, 0, 0, 0, 0, 0, 0, 1, 0, 0, 0, 0, 0, 0, 0, 1, 0, 0, 0, 0, 0, 0, 0, 1, 0, 0, 0, 0, 0, 0, 0, 1, 0, 0, 0, 0, 0, 0, 0, 0, 0, 0, 0, 0, 0, 0, 0, 0, 0, 0, 0, 0, 0, 0, 0, 0, 0, 0, 0, 0, 0, 0, 0, 0, 0, 0, 0, 0, 0, 0, 0, 0, 0, 0, 0, 0, 0, 0, 0, 0, 0, 0, 0, 0, 0, 0, 0, 0, 0, 0, 0, 0, 0, 0, 0, 0, 0, 0, 0, 0, 0, 0, 0, 0, 0, 0, 0, 0, 0, 0, 0, 0, 0, 0, 0, 0, 0, 0, 0, 0, 0, 0, 0, 0, 0, 0, 0, 0, 0, 0, 0, 0, 0, 0, 0, 0, 0, 0, 0, 0, 0, 0, 0, 0, 0, 0, 0, 0, 0, 0, 0, 0, 0, 0, 0, 0, 0, 0, 0, 0, 0, 0, 0, 0, 0, 0, 0, 0, 0, 0, 0, 0, 0, 0, 0, 0, 0, 0, 0, 0, 0, 0, 0, 0, 0, 0, 0, 0, 0, 0, 0, 0, 0, 0, 0, 0, 0, 0, 0, 0, 0, 0, 0, 0, 0, 0, 0, 0, 0, 0, 0, 0, 0, 0, 0, 0, 0, 0, 0, 0, 0, 0, 0, 0, 0, 0, 0, 0, 0, 0, 0, 0, 0, 0, 0, 0, 0, 0, 0, 0, 0, 0, 0, 0, 0, 0, 0, 0, 0, 0, 0, 0, 0, 0, 0, 0, 0, 0, 0, 0, 0, 0, 0, 0, 0, 0, 0, 0, 0, 0, 0, 0, 0, 0, 0, 0, 0, 0, 0, 0, 0, 0, 0, 0, 0, 0, 0, 0, 0, 0, 0, 0, 0, 0, 0, 0, 0, 0, 0, 0, 0, 0, 0, 0, 0, 0, 0, 0, 0, 0, 0, 0, 0, 0, 0, 0, 0, 0, 0, 0, 0, 0, 0, 0, 0, 0, 0, 0, 0, 0, 0, 0, 0, 0, 0, 0, 0, 0, 0, 0, 0, 0, 0, 0, 0, 0, 0, 0, 0, 0, 0, 0, 0, 0, 0, 0, 0, 0, 0, 0, 0, 0, 0, 0, 0, 0, 0, 0, 0, 0, 0, 0, 0, 0, 0, 0, 0, 0, 0, 0, 0, 0, 0, 0, 0, 0, 0, 0, 0, 0, 0, 0, 0, 0, 0, 0, 0, 0, 0, 0, 0, 0, 0, 0, 0, 0, 0, 0, 0, 0, 0, 0, 0, 0, 0, 0, 0, 0, 0, 0, 0, 0, 0, 0, 0, 0, 0, 0, 0, 0, 0, 0, 0, 0, 0, 0, 0, 0, 0, 0, 0, 0, 0, 0, 0, 0, 0, 0, 0, 0, 0, 0, 0, 0, 0, 0, 0, 0, 0, 0, 0, 0, 0, 0, 0, 0, 0, 0, 0, 0, 0, 0, 0, 0, 0, 0, 0, 0, 0, 0, 0, 0, 0, 0, 0, 0, 0, 0, 0, 0, 0, 0, 0, 0, 0, 0, 0, 0, 0, 0, 0, 0, 0, 0, 0, 0, 0, 0, 0, 0, 0], 'signals': [{'b_ch': 0.032, 'roll_off': 0.15, 'p_ch': 1.0000000000000001e-05, 'p_nli': 4.7335763197323672e-08, 'p_ase': 7.5914052778631467e-08}, {'b_ch': 0.032, 'roll_off': 0.15, 'p_ch': 1.0000000000000001e-05, 'p_nli': 5.4313929039988068e-08, 'p_ase': 7.5933966959619871e-08}, {'b_ch': 0.032, 'roll_off': 0.15, 'p_ch': 1.0000000000000001e-05, 'p_nli': 5.7645883156057229e-08, 'p_ase': 7.5953881140608262e-08}, {'b_ch': 0.032, 'roll_off': 0.15, 'p_ch': 1.0000000000000001e-05, 'p_nli': 5.9794806431129869e-08, 'p_ase': 7.5973795321596665e-08}, {'b_ch': 0.032, 'roll_off': 0.15, 'p_ch': 1.0000000000000001e-05, 'p_nli': 6.1353521209682626e-08, 'p_ase': 7.5993709502585042e-08}, {'b_ch': 0.032, 'roll_off': 0.15, 'p_ch': 1.0000000000000001e-05, 'p_nli': 6.2556753563748826e-08, 'p_ase': 7.6013623683573446e-08}, {'b_ch': 0.032, 'roll_off': 0.15, 'p_ch': 1.0000000000000001e-05, 'p_nli': 6.3521247933427369e-08, 'p_ase': 7.603353786456185e-08}, {'b_ch': 0.032, 'roll_off': 0.15, 'p_ch': 1.0000000000000001e-05, 'p_nli': 6.431342661443877e-08, 'p_ase': 7.605345204555024e-08}, {'b_ch': 0.032, 'roll_off': 0.15, 'p_ch': 1.0000000000000001e-05, 'p_nli': 6.497460275979755e-08, 'p_ase': 7.6073366226538644e-08}, {'b_ch': 0.032, 'roll_off': 0.15, 'p_ch': 1.0000000000000001e-05, 'p_nli': 6.5532145871678857e-08, 'p_ase': 7.6093280407527048e-08}, {'b_ch': 0.032, 'roll_off': 0.15, 'p_ch': 1.0000000000000001e-05, 'p_nli': 6.6005050487373133e-08, 'p_ase': 7.6113194588515425e-08}, {'b_ch': 0.032, 'roll_off': 0.15, 'p_ch': 1.0000000000000001e-05, 'p_nli': 6.6406966795896975e-08, 'p_ase': 7.6133108769503842e-08}, {'b_ch': 0.032, 'roll_off': 0.15, 'p_ch': 1.0000000000000001e-05, 'p_nli': 6.6747963844625979e-08, 'p_ase': 7.6153022950492219e-08}, {'b_ch': 0.032, 'roll_off': 0.15, 'p_ch': 1.0000000000000001e-05, 'p_nli': 6.7035610517952237e-08, 'p_ase': 7.6172937131480623e-08}, {'b_ch': 0.032, 'roll_off': 0.15, 'p_ch': 1.0000000000000001e-05, 'p_nli': 6.7275666326027884e-08, 'p_ase': 7.6192851312469026e-08}, {'b_ch': 0.032, 'roll_off': 0.15, 'p_ch': 1.0000000000000001e-05, 'p_nli': 6.7472537422958742e-08, 'p_ase': 7.621276549345743e-08}, {'b_ch': 0.032, 'roll_off': 0.15, 'p_ch': 1.0000000000000001e-05, 'p_nli': 6.7629584995582254e-08, 'p_ase': 7.6232679674445834e-08}, {'b_ch': 0.032, 'roll_off': 0.15, 'p_ch': 1.0000000000000001e-05, 'p_nli': 6.7749336983451608e-08, 'p_ase': 7.6252593855434224e-08}, {'b_ch': 0.032, 'roll_off': 0.15, 'p_ch': 1.0000000000000001e-05, 'p_nli': 6.7833633917251015e-08, 'p_ase': 7.6272508036422628e-08}, {'b_ch': 0.032, 'roll_off': 0.15, 'p_ch': 1.0000000000000001e-05, 'p_nli': 6.7883727873183663e-08, 'p_ase': 7.6292422217411005e-08}, {'b_ch': 0.032, 'roll_off': 0.15, 'p_ch': 1.0000000000000001e-05, 'p_nli': 6.7900346311389856e-08, 'p_ase': 7.6312336398399409e-08}, {'b_ch': 0.032, 'roll_off': 0.15, 'p_ch': 1.0000000000000001e-05, 'p_nli': 6.7883727873183677e-08, 'p_ase': 7.6332250579387813e-08}, {'b_ch': 0.032, 'roll_off': 0.15, 'p_ch': 1.0000000000000001e-05, 'p_nli': 6.7833633917250989e-08, 'p_ase': 7.6352164760376203e-08}, {'b_ch': 0.032, 'roll_off': 0.15, 'p_ch': 1.0000000000000001e-05, 'p_nli': 6.7749336983451555e-08, 'p_ase': 7.6372078941364607e-08}, {'b_ch': 0.032, 'roll_off': 0.15, 'p_ch': 1.0000000000000001e-05, 'p_nli': 6.7629584995582241e-08, 'p_ase': 7.6391993122352997e-08}, {'b_ch': 0.032, 'roll_off': 0.15, 'p_ch': 1.0000000000000001e-05, 'p_nli': 6.7472537422958742e-08, 'p_ase': 7.6411907303341401e-08}, {'b_ch': 0.032, 'roll_off': 0.15, 'p_ch': 1.0000000000000001e-05, 'p_nli': 6.7275666326027884e-08, 'p_ase': 7.6431821484329805e-08}, {'b_ch': 0.032, 'roll_off': 0.15, 'p_ch': 1.0000000000000001e-05, 'p_nli': 6.7035610517952224e-08, 'p_ase': 7.6451735665318195e-08}, {'b_ch': 0.032, 'roll_off': 0.15, 'p_ch': 1.0000000000000001e-05, 'p_nli': 6.6747963844625952e-08, 'p_ase': 7.6471649846306599e-08}, {'b_ch': 0.032, 'roll_off': 0.15, 'p_ch': 1.0000000000000001e-05, 'p_nli': 6.6406966795897002e-08, 'p_ase': 7.6491564027295002e-08}, {'b_ch': 0.032, 'roll_off': 0.15, 'p_ch': 1.0000000000000001e-05, 'p_nli': 6.6005050487373107e-08, 'p_ase': 7.6511478208283393e-08}, {'b_ch': 0.032, 'roll_off': 0.15, 'p_ch': 1.0000000000000001e-05, 'p_nli': 6.5532145871678857e-08, 'p_ase': 7.653139238927181e-08}, {'b_ch': 0.032, 'roll_off': 0.15, 'p_ch': 1.0000000000000001e-05, 'p_nli': 6.4974602759797537e-08, 'p_ase': 7.6551306570260174e-08}, {'b_ch': 0.032, 'roll_off': 0.15, 'p_ch': 1.0000000000000001e-05, 'p_nli': 6.431342661443877e-08, 'p_ase': 7.6571220751248577e-08}, {'b_ch': 0.032, 'roll_off': 0.15, 'p_ch': 1.0000000000000001e-05, 'p_nli': 6.3521247933427409e-08, 'p_ase': 7.6591134932236994e-08}, {'b_ch': 0.032, 'roll_off': 0.15, 'p_ch': 1.0000000000000001e-05, 'p_nli': 6.25567535637488e-08, 'p_ase': 7.6611049113225372e-08}, {'b_ch': 0.032, 'roll_off': 0.15, 'p_ch': 1.0000000000000001e-05, 'p_nli': 6.1353521209682626e-08, 'p_ase': 7.6630963294213775e-08}, {'b_ch': 0.032, 'roll_off': 0.15, 'p_ch': 1.0000000000000001e-05, 'p_nli': 5.9794806431129869e-08, 'p_ase': 7.6650877475202179e-08}, {'b_ch': 0.032, 'roll_off': 0.15, 'p_ch': 1.0000000000000001e-05, 'p_nli': 5.7645883156057262e-08, 'p_ase': 7.6670791656190569e-08}, {'b_ch': 0.032, 'roll_off': 0.15, 'p_ch': 1.0000000000000001e-05, 'p_nli': 5.4313929039988108e-08, 'p_ase': 7.669070583717896e-08}, {'b_ch': 0.032, 'roll_off': 0.15, 'p_ch': 1.0000000000000001e-05, 'p_nli': 4.7335763197323639e-08, 'p_ase': 7.6710620018167364e-08}]}
