# Output parameters. The values of OSNR are evaluated in the -3 dB channel band

osnr_lin_central_channel_db = inf

osnr_nl_central_channel_db = 30.132260507

osnr_lin_db = [ inf  inf  inf  inf  inf  inf  inf  inf  inf  inf  inf  inf  inf  inf  inf
  inf  inf  inf  inf  inf  inf  inf  inf  inf  inf  inf  inf  inf  inf  inf
  inf  inf  inf  inf  inf  inf  inf  inf  inf  inf  inf]

osnr_nl_db = [ 31.69908656  31.10186819  30.84329743  30.68434576  30.57258547
  30.48823837  30.42179018  30.36796391  30.32354407  30.28643651
  30.25520872  30.22884396  30.20660018  30.18792471  30.17240032
  30.15970997  30.14961318  30.14192991  30.13652957  30.13332356
  30.13226051  30.13332356  30.13652957  30.14192991  30.14961318
  30.15970997  30.17240032  30.18792471  30.20660018  30.22884396
  30.25520872  30.28643651  30.32354407  30.36796391  30.42179018
  30.48823837  30.57258547  30.68434576  30.84329743  31.10186819
  31.69908656]

spectrum = {'laser_position': [1, 0, 0, 0, 0, 0, 0, 0, 1, 0, 0, 0, 0, 0, 0, 0, 1, 0, 0, 0, 0, 0, 0, 0, 1, 0, 0, 0, 0, 0, 0, 0, 1, 0, 0, 0, 0, 0, 0, 0, 1, 0, 0, 0, 0, 0, 0, 0, 1, 0, 0, 0, 0, 0, 0, 0, 1, 0, 0, 0, 0, 0, 0, 0, 1, 0, 0, 0, 0, 0, 0, 0, 1, 0, 0, 0, 0, 0, 0, 0, 1, 0, 0, 0, 0, 0, 0, 0, 1, 0, 0, 0, 0, 0, 0, 0, 1, 0, 0, 0, 0, 0, 0, 0, 1, 0, 0, 0, 0, 0, 0, 0, 1, 0, 0, 0, 0, 0, 0, 0, 1, 0, 0, 0, 0, 0, 0, 0, 1, 0, 0, 0, 0, 0, 0, 0, 1, 0, 0, 0, 0, 0, 0, 0, 1, 0, 0, 0, 0, 0, 0, 0, 1, 0, 0, 0, 0, 0, 0, 0, 1, 0, 0, 0, 0, 0, 0, 0, 1, 0, 0, 0, 0, 0, 0, 0, 1, 0, 0, 0, 0, 0, 0, 0, 1, 0, 0, 0, 0, 0, 0, 0, 1, 0, 0, 0, 0, 0, 0, 0, 1, 0, 0, 0, 0, 0, 0, 0, 1, 0, 0, 0, 0, 0, 0, 0, 1, 0, 0, 0, 0, 0, 0, 0, 1, 0, 0, 0, 0, 0, 0, 0, 1, 0, 0, 0, 0, 0, 0, 0, 1, 0, 0, 0, 0, 0, 0, 0, 1, 0, 0, 0, 0, 0, 0, 0, 1, 0, 0, 0, 0, 0, 0, 0, 1, 0, 0, 0, 0, 0, 0, 0, 1, 0, 0, 0, 0, 0, 0, 0, 1, 0, 0, 0, 0, 0, 0, 0, 1, 0, 0, 0, 0, 0, 0, 0, 1, 0, 0, 0, 0, 0, 0, 0, 1, 0, 0, 0, 0, 0, 0, 0, 1, 0, 0, 0, 0, 0, 0, 0, 1, 0, 0, 0, 0, 0, 0, 0, 0, 0, 0, 0, 0, 0, 0, 0, 0, 0, 0, 0, 0, 0, 0, 0, 0, 0, 0, 0, 0, 0, 0, 0, 0, 0, 0, 0, 0, 0, 0, 0, 0, 0, 0, 0, 0, 0, 0, 0, 0, 0, 0, 0, 0, 0, 0, 0, 0, 0, 0, 0, 0, 0, 0, 0, 0, 0, 0, 0, 0, 0, 0, 0, 0, 0, 0, 0, 0, 0, 0, 0, 0, 0, 0, 0, 0, 0, 0, 0, 0, 0, 0, 0, 0, 0, 0, 0, 0, 0, 0, 0, 0, 0, 0, 0, 0, 0, 0, 0, 0, 0, 0, 0, 0, 0, 0, 0, 0, 0, 0, 0, 0, 0, 0, 0, 0, 0, 0, 0, 0, 0, 0, 0, 0, 0, 0, 0, 0, 0, 0, 0, 0, 0, 0, 0, 0, 0, 0, 0, 0, 0, 0, 0, 0, 0, 0, 0, 0, 0, 0, 0, 0, 0, 0, 0, 0, 0, 0, 0, 0, 0, 0, 0, 0, 0, 0, 0, 0, 0, 0, 0, 0, 0, 0, 0, 0, 0, 0, 0, 0, 0, 0, 0, 0, 0, 0, 0, 0, 0, 0, 0, 0, 0, 0, 0, 0, 0, 0, 0, 0, 0, 0, 0, 0, 0, 0, 0, 0, 0, 0, 0, 0, 0, 0, 0, 0, 0, 0, 0, 0, 0, 0, 0, 0, 0, 0, 0, 0, 0, 0, 0, 0, 0, 0, 0, 0, 0, 0, 0, 0, 0, 0, 0, 0, 0, 0, 0, 0, 0, 0, 0, 0, 0, 0, 0, 0, 0, 0, 0, 0, 0, 0, 0, 0, 0, 0, 0, 0, 0, 0, 0, 0, 0, 0, 0, 0, 0, 0, 0, 0, 0, 0, 0, 0, 0, 0, 0, 0, 0, 0, 0, 0, 0, 0, 0, 0, 0, 0, 0, 0, 0, 0, 0, 0, 0, 0, 0, 0, 0, 0, 0, 0, 0, 0, 0, 0, 0, 0, 0, 0, 0, 0, 0, 0, 0, 0, 0, 0, 0, 0, 0, 0, 0, 0, 0, 0, 0, 0, 0, 0, 0, 0, 0, 0, 0, 0, 0, 0, 0, 0, 0, 0, 0, 0, 0, 0, 0, 0, 0, 0, 0, 0, 0, 0, 0, 0, 0, 0, 0, 0, 0, 0, 0, 0, 0, 0, 0, 0, 0, 0, 0, 0, 0, 0, 0, 0, 0, 0, 0, 0, 0, 0, 0, 0, 0, 0, 0, 0, 0, 0, 0, 0, 0, 0, 0, 0, 0, 0, 0, 0, 0, 0, 0, 0, 0, 0, 0, 0, 0, 0, 0, 0, 0, 0, 0, 0, 0, 0, 0, 0, 0, 0, 0, 0, 0, 0, 0, 0, 0, 0, 0, 0, 0, 0, 0, 0, 0, 0, 0, 0, 0, 0, 0, 0, 0, 0, 0, 0, 0, 0, 0, 0, 0, 0, 0, 0, 0, 0, 0, 0, 0], 'signals': [{'b_ch': 0.032, 'roll_off': 0.15, 'p_ch': 1.0000000000000001e-05, 'p_nli': 6.7622518853319516e-09, 'p_ase': 0.0}, {'b_ch': 0.032, 'roll_off': 0.15, 'p_ch': 1.0000000000000001e-05, 'p_nli': 7.7591327199982935e-09, 'p_ase': 0.0}, {'b_ch': 0.032, 'roll_off': 0.15, 'p_ch': 1.0000000000000001e-05, 'p_nli': 8.2351261651510341e-09, 'p_ase': 0.0}, {'b_ch': 0.032, 'roll_off': 0.15, 'p_ch': 1.0000000000000001e-05, 'p_nli': 8.5421152044471248e-09, 'p_ase': 0.0}, {'b_ch': 0.032, 'roll_off': 0.15, 'p_ch': 1.0000000000000001e-05, 'p_nli': 8.7647887442403736e-09, 'p_ase': 0.0}, {'b_ch': 0.032, 'roll_off': 0.15, 'p_ch': 1.0000000000000001e-05, 'p_nli': 8.936679080535548e-09, 'p_ase': 0.0}, {'b_ch': 0.032, 'roll_off': 0.15, 'p_ch': 1.0000000000000001e-05, 'p_nli': 9.074463990489623e-09, 'p_ase': 0.0}, {'b_ch': 0.032, 'roll_off': 0.15, 'p_ch': 1.0000000000000001e-05, 'p_nli': 9.1876323734912515e-09, 'p_ase': 0.0}, {'b_ch': 0.032, 'roll_off': 0.15, 'p_ch': 1.0000000000000001e-05, 'p_nli': 9.2820861085425069e-09, 'p_ase': 0.0}, {'b_ch': 0.032, 'roll_off': 0.15, 'p_ch': 1.0000000000000001e-05, 'p_nli': 9.3617351245255508e-09, 'p_ase': 0.0}, {'b_ch': 0.032, 'roll_off': 0.15, 'p_ch': 1.0000000000000001e-05, 'p_nli': 9.4292929267675898e-09, 'p_ase': 0.0}, {'b_ch': 0.032, 'roll_off': 0.15, 'p_ch': 1.0000000000000001e-05, 'p_nli': 9.4867095422709965e-09, 'p_ase': 0.0}, {'b_ch': 0.032, 'roll_off': 0.15, 'p_ch': 1.0000000000000001e-05, 'p_nli': 9.5354234063751405e-09, 'p_ase': 0.0}, {'b_ch': 0.032, 'roll_off': 0.15, 'p_ch': 1.0000000000000001e-05, 'p_nli': 9.5765157882788919e-09, 'p_ase': 0.0}, {'b_ch': 0.032, 'roll_off': 0.15, 'p_ch': 1.0000000000000001e-05, 'p_nli': 9.6108094751468387e-09, 'p_ase': 0.0}, {'b_ch': 0.032, 'roll_off': 0.15, 'p_ch': 1.0000000000000001e-05, 'p_nli': 9.6389339175655359e-09, 'p_ase': 0.0}, {'b_ch': 0.032, 'roll_off': 0.15, 'p_ch': 1.0000000000000001e-05, 'p_nli': 9.6613692850831806e-09, 'p_ase': 0.0}, {'b_ch': 0.032, 'roll_off': 0.15, 'p_ch': 1.0000000000000001e-05, 'p_nli': 9.6784767119216567e-09, 'p_ase': 0.0}, {'b_ch': 0.032, 'roll_off': 0.15, 'p_ch': 1.0000000000000001e-05, 'p_nli': 9.6905191310358607e-09, 'p_ase': 0.0}, {'b_ch': 0.032, 'roll_off': 0.15, 'p_ch': 1.0000000000000001e-05, 'p_nli': 9.6976754104548079e-09, 'p_ase': 0.0}, {'b_ch': 0.032, 'roll_off': 0.15, 'p_ch': 1.0000000000000001e-05, 'p_nli': 9.7000494730556951e-09, 'p_ase': 0.0}, {'b_ch': 0.032, 'roll_off': 0.15, 'p_ch': 1.0000000000000001e-05, 'p_nli': 9.6976754104548095e-09, 'p_ase': 0.0}, {'b_ch': 0.032, 'roll_off': 0.15, 'p_ch': 1.0000000000000001e-05, 'p_nli': 9.6905191310358557e-09, 'p_ase': 0.0}, {'b_ch': 0.032, 'roll_off': 0.15, 'p_ch': 1.0000000000000001e-05, 'p_nli': 9.6784767119216517e-09, 'p_ase': 0.0}, {'b_ch': 0.032, 'roll_off': 0.15, 'p_ch': 1.0000000000000001e-05, 'p_nli': 9.6613692850831773e-09, 'p_ase': 0.0}, {'b_ch': 0.032, 'roll_off': 0.15, 'p_ch': 1.0000000000000001e-05, 'p_nli': 9.6389339175655359e-09, 'p_ase': 0.0}, {'b_ch': 0.032, 'roll_off': 0.15, 'p_ch': 1.0000000000000001e-05, 'p_nli': 9.6108094751468387e-09, 'p_ase': 0.0}, {'b_ch': 0.032, 'roll_off': 0.15, 'p_ch': 1.0000000000000001e-05, 'p_nli': 9.5765157882788869e-09, 'p_ase': 0.0}, {'b_ch': 0.032, 'roll_off': 0.15, 'p_ch': 1.0000000000000001e-05, 'p_nli': 9.5354234063751356e-09, 'p_ase': 0.0}, {'b_ch': 0.032, 'roll_off': 0.15, 'p_ch': 1.0000000000000001e-05, 'p_nli': 9.4867095422709981e-09, 'p_ase': 0.0}, {'b_ch': 0.032, 'roll_off': 0.15, 'p_ch': 1.0000000000000001e-05, 'p_nli': 9.4292929267675864e-09, 'p_ase': 0.0}, {'b_ch': 0.032, 'roll_off': 0.15, 'p_ch': 1.0000000000000001e-05, 'p_nli': 9.3617351245255524e-09, 'p_ase': 0.0}, {'b_ch': 0.032, 'roll_off': 0.15, 'p_ch': 1.0000000000000001e-05, 'p_nli': 9.2820861085425053e-09, 'p_ase': 0.0}, {'b_ch': 0.032, 'roll_off': 0.15, 'p_ch': 1.0000000000000001e-05, 'p_nli': 9.1876323734912515e-09, 'p_ase': 0.0}, {'b_ch': 0.032, 'roll_off': 0.15, 'p_ch': 1.0000000000000001e-05, 'p_nli': 9.0744639904896296e-09, 'p_ase': 0.0}, {'b_ch': 0.032, 'roll_off': 0.15, 'p_ch': 1.0000000000000001e-05, 'p_nli': 8.9366790805355414e-09, 'p_ase': 0.0}, {'b_ch': 0.032, 'roll_off': 0.15, 'p_ch': 1.0000000000000001e-05, 'p_nli': 8.7647887442403752e-09, 'p_ase': 0.0}, {'b_ch': 0.032, 'roll_off': 0.15, 'p_ch': 1.0000000000000001e-05, 'p_nli': 8.5421152044471231e-09, 'p_ase': 0.0}, {'b_ch': 0.032, 'roll_off': 0.15, 'p_ch': 1.0000000000000001e-05, 'p_nli': 8.2351261651510374e-09, 'p_ase': 0.0}, {'b_ch': 0.032, 'roll_off': 0.15, 'p_ch': 1.0000000000000001e-05, 'p_nli': 7.7591327199983018e-09, 'p_ase': 0.0}, {'b_ch': 0.032, 'roll_off': 0.15, 'p_ch': 1.0000000000000001e-05, 'p_nli': 6.7622518853319483e-09, 'p_ase': 0.0}]}
