# Output parameters. The values of OSNR are evaluated in the -3 dB channel band

osnr_lin_central_channel_db = 25.9452650449

osnr_nl_central_channel_db = 23.4835818014

osnr_lin_db = [ 25.96799077  25.96685166  25.96571284  25.96457432  25.9634361
  25.96229818  25.96116056  25.96002323  25.95888621  25.95774948
  25.95661304  25.95547691  25.95434107  25.95320553  25.95207029
  25.95093534  25.94980069  25.94866633  25.94753227  25.94639851
  25.94526504  25.94413187  25.942999    25.94186642  25.94073413
  25.93960215  25.93847045  25.93733905  25.93620795  25.93507714
  25.93394662  25.9328164   25.93168647  25.93055684  25.9294275
  25.92829845  25.9271697   25.92604124  25.92491307  25.9237852
  25.92265762]

osnr_nl_db = [ 24.10841691  23.89025005  23.78946203  23.72543721  23.67939585
  23.64403344  23.61576236  23.59256123  23.57318278  23.55680616
  23.5428649   23.53095389  23.52077551  23.51210683  23.5047787   23.498662
  23.49365841  23.48969404  23.48671506  23.4846848   23.4835818
  23.48339875  23.48414213  23.48583256  23.48850585  23.49221483
  23.49703235  23.50305552  23.51041205  23.51926942  23.5298485
  23.54244431  23.55745858  23.57545323  23.59724268  23.62406467
  23.65792541  23.70238593  23.7646972   23.86350176  24.07881999]

spectrum = {'laser_position': [1, 0, 0, 0, 0, 0, 0, 0, 1, 0, 0, 0, 0, 0, 0, 0, 1, 0, 0, 0, 0, 0, 0, 0, 1, 0, 0, 0, 0, 0, 0, 0, 1, 0, 0, 0, 0, 0, 0, 0, 1, 0, 0, 0, 0, 0, 0, 0, 1, 0, 0, 0, 0, 0, 0, 0, 1, 0, 0, 0, 0, 0, 0, 0, 1, 0, 0, 0, 0, 0, 0, 0, 1, 0, 0, 0, 0, 0, 0, 0, 1, 0, 0, 0, 0, 0, 0, 0, 1, 0, 0, 0, 0, 0, 0, 0, 1, 0, 0, 0, 0, 0, 0, 0, 1, 0, 0, 0, 0, 0, 0, 0, 1, 0, 0, 0, 0, 0, 0, 0, 1, 0, 0, 0, 0, 0, 0, 0, 1, 0, 0, 0, 0, 0, 0, 0, 1, 0, 0, 0, 0, 0, 0, 0, 1, 0, 0, 0, 0, 0, 0, 0, 1, 0, 0, 0, 0, 0, 0, 0, 1, 0, 0, 0, 0, 0, 0, 0, 1, 0, 0, 0, 0, 0, 0, 0, 1, 0, 0, 0, 0, 0, 0, 0, 1, 0, 0, 0, 0, 0, 0, 0, 1, 0, 0, 0, 0, 0, 0, 0, 1, 0, 0, 0, 0, 0, 0, 0, 1, 0, 0, 0, 0, 0, 0, 0, 1, 0, 0, 0, 0, 0, 0, 0, 1, 0, 0, 0, 0, 0, 0, 0, 1, 0, 0, 0, 0, 0, 0, 0, 1, 0, 0, 0, 0, 0, 0, 0, 1, 0, 0, 0, 0, 0, 0, 0, 1, 0, 0, 0, 0, 0, 0, 0, 1, 0, 0, 0, 0, 0, 0, 0, 1, 0, 0, 0, 0, 0, 0, 0, 1, 0, 0, 0, 0, 0, 0, 0, 1, 0, 0, 0, 0, 0, 0, 0, 1, 0, 0, 0, 0, 0, 0, 0, 1, 0, 0, 0, 0, 0, 0, 0, 1, 0, 0, 0, 0, 0, 0, 0, 1, 0, 0, 0, 0, 0, 0, 0, 0, 0, 0, 0, 0, 0, 0, 0, 0, 0, 0, 0, 0, 0, 0, 0, 0, 0, 0, 0, 0, 0, 0, 0, 0, 0, 0, 0, 0, 0, 0, 0, 0, 0, 0, 0, 0, 0, 0, 0, 0, 0, 0, 0, 0, 0, 0, 0, 0, 0, 0, 0, 0, 0, 0, 0, 0, 0, 0, 0, 0, 0, 0, 0, 0, 0, 0, 0, 0, 0, 0, 0, 0, 0, 0, 0, 0, 0, 0, 0, 0, 0, 0, 0, 0, 0, 0, 0, 0, 0, 0, 0, 0, 0, 0, 0, 0, 0, 0, 0, 0, 0, 0, 0, 0, 0, 0, 0, 0, 0, 0, 0, 0, 0, 0, 0, 0, 0, 0, 0, 0, 0, 0, 0, 0, 0, 0, 0, 0, 0, 0, 0, 0, 0, 0, 0, 0, 0, 0, 0, 0, 0, 0, 0, 0, 0, 0, 0, 0, 0, 0, 0, 0, 0, 0, 0, 0, 0, 0, 0, 0, 0, 0, 0, 0, 0, 0, 0, 0, 0, 0, 0, 0, 0, 0, 0, 0, 0, 0, 0, 0, 0, 0, 0, 0, 0, 0, 0, 0, 0, 0, 0, 0, 0, 0, 0, 0, 0, 0, 0, 0, 0, 0, 0, 0, 0, 0, 0, 0, 0, 0, 0, 0, 0, 0, 0, 0, 0, 0, 0, 0, 0, 0, 0, 0, 0, 0, 0, 0, 0, 0, 0, 0, 0, 0, 0, 0, 0, 0, 0, 0, 0, 0, 0, 0, 0, 0, 0, 0, 0, 0, 0, 0, 0, 0, 0, 0, 0, 0, 0, 0, 0, 0, 0, 0, 0, 0, 0, 0, 0, 0, 0, 0, 0, 0, 0, 0, 0, 0, 0, 0, 0, 0, 0, 0, 0, 0, 0, 0, 0, 0, 0, 0, 0, 0, 0, 0, 0, 0, 0, 0, 0, 0, 0, 0, 0, 0, 0, 0, 0, 0, 0, 0, 0, 0, 0, 0, 0, 0, 0, 0, 0, 0, 0, 0, 0, 0, 0, 0, 0, 0, 0, 0, 0, 0, 0, 0, 0, 0, 0, 0, 0, 0, 0, 0, 0, 0, 0, 0, 0, 0, 0, 0, 0, 0, 0, 0, 0, 0, 0, 0, 0, 0, 0, 0, 0, 0, 0, 0, 0, 0, 0, 0, 0, 0, 0, 0, 0, 0, 0, 0, 0, 0, 0, 0, 0, 0, 0, 0, 0, 0, 0, 0, 0, 0, 0, 0, 0, 0, 0, 0, 0, 0, 0, 0, 0, 0, 0, 0, 0, 0, 0, 0, 0, 0, 0, 0, 0, 0, 0, 0, 0, 0, 0, 0, 0, 0, 0, 0, 0, 0, 0, 0, 0, 0, 0, 0, 0, 0, 0, 0, 0, 0, 0, 0, 0, 0, 0, 0, 0, 0, 0, 0, 0, 0, 0, 0, 0, 0, 0, 0, 0, 0, 0, 0, 0, 0, 0, 0, 0, 0, 0], 'signals': [{'b_ch': 0.032, 'roll_off': 0.15, 'p_ch': 0.001, 'p_nli': 1.3524503770663903e-06, 'p_ase': 2.530468425954382e-06}, {'b_ch': 0.032, 'roll_off': 0.15, 'p_ch': 0.001, 'p_nli': 1.5518265439996587e-06, 'p_ase': 2.5311322319873286e-06}, {'b_ch': 0.032, 'roll_off': 0.15, 'p_ch': 0.001, 'p_nli': 1.6470252330302069e-06, 'p_ase': 2.5317960380202753e-06}, {'b_ch': 0.032, 'roll_off': 0.15, 'p_ch': 0.001, 'p_nli': 1.708423040889425e-06, 'p_ase': 2.532459844053222e-06}, {'b_ch': 0.032, 'roll_off': 0.15, 'p_ch': 0.001, 'p_nli': 1.7529577488480746e-06, 'p_ase': 2.5331236500861682e-06}, {'b_ch': 0.032, 'roll_off': 0.15, 'p_ch': 0.001, 'p_nli': 1.7873358161071096e-06, 'p_ase': 2.5337874561191149e-06}, {'b_ch': 0.032, 'roll_off': 0.15, 'p_ch': 0.001, 'p_nli': 1.8148927980979245e-06, 'p_ase': 2.5344512621520615e-06}, {'b_ch': 0.032, 'roll_off': 0.15, 'p_ch': 0.001, 'p_nli': 1.8375264746982502e-06, 'p_ase': 2.5351150681850082e-06}, {'b_ch': 0.032, 'roll_off': 0.15, 'p_ch': 0.001, 'p_nli': 1.8564172217085014e-06, 'p_ase': 2.5357788742179549e-06}, {'b_ch': 0.032, 'roll_off': 0.15, 'p_ch': 0.001, 'p_nli': 1.8723470249051101e-06, 'p_ase': 2.5364426802509011e-06}, {'b_ch': 0.032, 'roll_off': 0.15, 'p_ch': 0.001, 'p_nli': 1.8858585853535179e-06, 'p_ase': 2.5371064862838478e-06}, {'b_ch': 0.032, 'roll_off': 0.15, 'p_ch': 0.001, 'p_nli': 1.8973419084541994e-06, 'p_ase': 2.5377702923167944e-06}, {'b_ch': 0.032, 'roll_off': 0.15, 'p_ch': 0.001, 'p_nli': 1.9070846812750281e-06, 'p_ase': 2.5384340983497407e-06}, {'b_ch': 0.032, 'roll_off': 0.15, 'p_ch': 0.001, 'p_nli': 1.9153031576557784e-06, 'p_ase': 2.5390979043826874e-06}, {'b_ch': 0.032, 'roll_off': 0.15, 'p_ch': 0.001, 'p_nli': 1.9221618950293678e-06, 'p_ase': 2.539761710415634e-06}, {'b_ch': 0.032, 'roll_off': 0.15, 'p_ch': 0.001, 'p_nli': 1.9277867835131072e-06, 'p_ase': 2.5404255164485807e-06}, {'b_ch': 0.032, 'roll_off': 0.15, 'p_ch': 0.001, 'p_nli': 1.9322738570166362e-06, 'p_ase': 2.5410893224815274e-06}, {'b_ch': 0.032, 'roll_off': 0.15, 'p_ch': 0.001, 'p_nli': 1.9356953423843312e-06, 'p_ase': 2.5417531285144736e-06}, {'b_ch': 0.032, 'roll_off': 0.15, 'p_ch': 0.001, 'p_nli': 1.9381038262071722e-06, 'p_ase': 2.5424169345474203e-06}, {'b_ch': 0.032, 'roll_off': 0.15, 'p_ch': 0.001, 'p_nli': 1.9395350820909614e-06, 'p_ase': 2.5430807405803669e-06}, {'b_ch': 0.032, 'roll_off': 0.15, 'p_ch': 0.001, 'p_nli': 1.9400098946111391e-06, 'p_ase': 2.543744546613314e-06}, {'b_ch': 0.032, 'roll_off': 0.15, 'p_ch': 0.001, 'p_nli': 1.9395350820909618e-06, 'p_ase': 2.5444083526462607e-06}, {'b_ch': 0.032, 'roll_off': 0.15, 'p_ch': 0.001, 'p_nli': 1.938103826207171e-06, 'p_ase': 2.5450721586792069e-06}, {'b_ch': 0.032, 'roll_off': 0.15, 'p_ch': 0.001, 'p_nli': 1.9356953423843304e-06, 'p_ase': 2.5457359647121536e-06}, {'b_ch': 0.032, 'roll_off': 0.15, 'p_ch': 0.001, 'p_nli': 1.9322738570166353e-06, 'p_ase': 2.5463997707450998e-06}, {'b_ch': 0.032, 'roll_off': 0.15, 'p_ch': 0.001, 'p_nli': 1.9277867835131072e-06, 'p_ase': 2.5470635767780469e-06}, {'b_ch': 0.032, 'roll_off': 0.15, 'p_ch': 0.001, 'p_nli': 1.9221618950293678e-06, 'p_ase': 2.5477273828109936e-06}, {'b_ch': 0.032, 'roll_off': 0.15, 'p_ch': 0.001, 'p_nli': 1.9153031576557776e-06, 'p_ase': 2.5483911888439398e-06}, {'b_ch': 0.032, 'roll_off': 0.15, 'p_ch': 0.001, 'p_nli': 1.9070846812750271e-06, 'p_ase': 2.5490549948768865e-06}, {'b_ch': 0.032, 'roll_off': 0.15, 'p_ch': 0.001, 'p_nli': 1.8973419084541996e-06, 'p_ase': 2.5497188009098327e-06}, {'b_ch': 0.032, 'roll_off': 0.15, 'p_ch': 0.001, 'p_nli': 1.8858585853535173e-06, 'p_ase': 2.5503826069427794e-06}, {'b_ch': 0.032, 'roll_off': 0.15, 'p_ch': 0.001, 'p_nli': 1.8723470249051106e-06, 'p_ase': 2.5510464129757265e-06}, {'b_ch': 0.032, 'roll_off': 0.15, 'p_ch': 0.001, 'p_nli': 1.8564172217085009e-06, 'p_ase': 2.5517102190086727e-06}, {'b_ch': 0.032, 'roll_off': 0.15, 'p_ch': 0.001, 'p_nli': 1.8375264746982502e-06, 'p_ase': 2.5523740250416194e-06}, {'b_ch': 0.032, 'roll_off': 0.15, 'p_ch': 0.001, 'p_nli': 1.814892798097926e-06, 'p_ase': 2.5530378310745657e-06}, {'b_ch': 0.032, 'roll_off': 0.15, 'p_ch': 0.001, 'p_nli': 1.7873358161071083e-06, 'p_ase': 2.5537016371075123e-06}, {'b_ch': 0.032, 'roll_off': 0.15, 'p_ch': 0.001, 'p_nli': 1.752957748848075e-06, 'p_ase': 2.554365443140459e-06}, {'b_ch': 0.032, 'roll_off': 0.15, 'p_ch': 0.001, 'p_nli': 1.7084230408894246e-06, 'p_ase': 2.5550292491734056e-06}, {'b_ch': 0.032, 'roll_off': 0.15, 'p_ch': 0.001, 'p_nli': 1.6470252330302075e-06, 'p_ase': 2.5556930552063523e-06}, {'b_ch': 0.032, 'roll_off': 0.15, 'p_ch': 0.001, 'p_nli': 1.5518265439996604e-06, 'p_ase': 2.5563568612392986e-06}, {'b_ch': 0.032, 'roll_off': 0.15, 'p_ch': 0.001, 'p_nli': 1.3524503770663897e-06, 'p_ase': 2.5570206672722456e-06}]}
