# Output parameters. The values of OSNR are evaluated in the -3 dB channel band

osnr_lin_central_channel_db = 17.4942846447

osnr_nl_central_channel_db = 15.0326014013

osnr_lin_db = [ 17.51701037  17.51587126  17.51473244  17.51359392  17.5124557
  17.51131778  17.51018016  17.50904283  17.50790581  17.50676908
  17.50563264  17.50449651  17.50336067  17.50222513  17.50108989
  17.49995494  17.49882029  17.49768593  17.49655187  17.49541811
  17.49428464  17.49315147  17.4920186   17.49088602  17.48975373
  17.48862175  17.48749005  17.48635865  17.48522755  17.48409674
  17.48296622  17.481836    17.48070607  17.47957644  17.4784471
  17.47731805  17.4761893   17.47506084  17.47393267  17.4728048
  17.47167722]

osnr_nl_db = [ 15.65743651  15.43926965  15.33848163  15.27445681  15.22841545
  15.19305304  15.16478196  15.14158083  15.12220238  15.10582576
  15.0918845   15.07997349  15.06979511  15.06112643  15.0537983
  15.0476816   15.04267801  15.03871364  15.03573466  15.0337044
  15.0326014   15.03241835  15.03316173  15.03485216  15.03752545
  15.04123443  15.04605194  15.05207512  15.05943165  15.06828902
  15.0788681   15.09146391  15.10647818  15.12447283  15.14626228
  15.17308427  15.20694501  15.25140553  15.3137168   15.41252136
  15.62783959]

spectrum = {'laser_position': [1, 0, 0, 0, 0, 0, 0, 0, 1, 0, 0, 0, 0, 0, 0, 0, 1, 0, 0, 0, 0, 0, 0, 0, 1, 0, 0, 0, 0, 0, 0, 0, 1, 0, 0, 0, 0, 0, 0, 0, 1, 0, 0, 0, 0, 0, 0, 0, 1, 0, 0, 0, 0, 0, 0, 0, 1, 0, 0, 0, 0, 0, 0, 0, 1, 0, 0, 0, 0, 0, 0, 0, 1, 0, 0, 0, 0, 0, 0, 0, 1, 0, 0, 0, 0, 0, 0, 0, 1, 0, 0, 0, 0, 0, 0, 0, 1, 0, 0, 0, 0, 0, 0, 0, 1, 0, 0, 0, 0, 0, 0, 0, 1, 0, 0, 0, 0, 0, 0, 0, 1, 0, 0, 0, 0, 0, 0, 0, 1, 0, 0, 0, 0, 0, 0, 0, 1, 0, 0, 0, 0, 0, 0, 0, 1, 0, 0, 0, 0, 0, 0, 0, 1, 0, 0, 0, 0, 0, 0, 0, 1, 0, 0, 0, 0, 0, 0, 0, 1, 0, 0, 0, 0, 0, 0, 0, 1, 0, 0, 0, 0, 0, 0, 0, 1, 0, 0, 0, 0, 0, 0, 0, 1, 0, 0, 0, 0, 0, 0, 0, 1, 0, 0, 0, 0, 0, 0, 0, 1, 0, 0, 0, 0, 0, 0, 0, 1, 0, 0, 0, 0, 0, 0, 0, 1, 0, 0, 0, 0, 0, 0, 0, 1, 0, 0, 0, 0, 0, 0, 0, 1, 0, 0, 0, 0, 0, 0, 0, 1, 0, 0, 0, 0, 0, 0, 0, 1, 0, 0, 0, 0, 0, 0, 0, 1, 0, 0, 0, 0, 0, 0, 0, 1, 0, 0, 0, 0, 0, 0, 0, 1, 0, 0, 0, 0, 0, 0, 0, 1, 0, 0, 0, 0, 0, 0, 0, 1, 0, 0, 0, 0, 0, 0, 0, 1, 0, 0, 0, 0, 0, 0, 0, 1, 0, 0, 0, 0, 0, 0, 0, 1, 0, 0, 0, 0, 0, 0, 0, 0, 0, 0, 0, 0, 0, 0, 0, 0, 0, 0, 0, 0, 0, 0, 0, 0, 0, 0, 0, 0, 0, 0, 0, 0, 0, 0, 0, 0, 0, 0, 0, 0, 0, 0, 0, 0, 0, 0, 0, 0, 0, 0, 0, 0, 0, 0, 0, 0, 0, 0, 0, 0, 0, 0, 0, 0, 0, 0, 0, 0, 0, 0, 0, 0, 0, 0, 0, 0, 0, 0, 0, 0, 0, 0, 0, 0, 0, 0, 0, 0, 0, 0, 0, 0, 0, 0, 0, 0, 0, 0, 0, 0, 0, 0, 0, 0, 0, 0, 0, 0, 0, 0, 0, 0, 0, 0, 0, 0, 0, 0, 0, 0, 0, 0, 0, 0, 0, 0, 0, 0, 0, 0, 0, 0, 0, 0, 0, 0, 0, 0, 0, 0, 0, 0, 0, 0, 0, 0, 0, 0, 0, 0, 0, 0, 0, 0, 0, 0, 0, 0, 0, 0, 0, 0, 0, 0, 0, 0, 0, 0, 0, 0, 0, 0, 0, 0, 0, 0, 0, 0, 0, 0, 0, 0, 0, 0, 0, 0, 0, 0, 0, 0, 0, 0, 0, 0, 0, 0, 0, 0, 0, 0, 0, 0, 0, 0, 0, 0, 0, 0, 0, 0, 0, 0, 0, 0, 0, 0, 0, 0, 0, 0, 0, 0, 0, 0, 0, 0, 0, 0, 0, 0, 0, 0, 0, 0, 0, 0, 0, 0, 0, 0, 0, 0, 0, 0, 0, 0, 0, 0, 0, 0, 0, 0, 0, 0, 0, 0, 0, 0, 0, 0, 0, 0, 0, 0, 0, 0, 0, 0, 0, 0, 0, 0, 0, 0, 0, 0, 0, 0, 0, 0, 0, 0, 0, 0, 0, 0, 0, 0, 0, 0, 0, 0, 0, 0, 0, 0, 0, 0, 0, 0, 0, 0, 0, 0, 0, 0, 0, 0, 0, 0, 0, 0, 0, 0, 0, 0, 0, 0, 0, 0, 0, 0, 0, 0, 0, 0, 0, 0, 0, 0, 0, 0, 0, 0, 0, 0, 0, 0, 0, 0, 0, 0, 0, 0, 0, 0, 0, 0, 0, 0, 0, 0, 0, 0, 0, 0, 0, 0, 0, 0, 0, 0, 0, 0, 0, 0, 0, 0, 0, 0, 0, 0, 0, 0, 0, 0, 0, 0, 0, 0, 0, 0, 0, 0, 0, 0, 0, 0, 0, 0, 0, 0, 0, 0, 0, 0, 0, 0, 0, 0, 0, 0, 0, 0, 0, 0, 0, 0, 0, 0, 0, 0, 0, 0, 0, 0, 0, 0, 0, 0, 0, 0, 0, 0, 0, 0, 0, 0, 0, 0, 0, 0, 0, 0, 0, 0, 0, 0, 0, 0, 0, 0, 0, 0, 0, 0, 0, 0, 0, 0, 0, 0, 0, 0, 0, 0, 0, 0, 0, 0, 0, 0, 0, 0, 0, 0, 0, 0, 0, 0, 0, 0, 0, 0, 0, 0, 0, 0, 0], 'signals': [{'b_ch': 0.032, 'roll_off': 0.15, 'p_ch': 0.001, 'p_nli': 9.4671526394647352e-06, 'p_ase': 1.7713278981680674e-05}, {'b_ch': 0.032, 'roll_off': 0.15, 'p_ch': 0.001, 'p_nli': 1.0862785807997613e-05, 'p_ase': 1.7717925623911303e-05}, {'b_ch': 0.032, 'roll_off': 0.15, 'p_ch': 0.001, 'p_nli': 1.1529176631211447e-05, 'p_ase': 1.7722572266141925e-05}, {'b_ch': 0.032, 'roll_off': 0.15, 'p_ch': 0.001, 'p_nli': 1.1958961286225979e-05, 'p_ase': 1.7727218908372557e-05}, {'b_ch': 0.032, 'roll_off': 0.15, 'p_ch': 0.001, 'p_nli': 1.2270704241936525e-05, 'p_ase': 1.7731865550603172e-05}, {'b_ch': 0.032, 'roll_off': 0.15, 'p_ch': 0.001, 'p_nli': 1.251135071274977e-05, 'p_ase': 1.7736512192833805e-05}, {'b_ch': 0.032, 'roll_off': 0.15, 'p_ch': 0.001, 'p_nli': 1.2704249586685477e-05, 'p_ase': 1.7741158835064433e-05}, {'b_ch': 0.032, 'roll_off': 0.15, 'p_ch': 0.001, 'p_nli': 1.2862685322887754e-05, 'p_ase': 1.7745805477295055e-05}, {'b_ch': 0.032, 'roll_off': 0.15, 'p_ch': 0.001, 'p_nli': 1.2994920551959516e-05, 'p_ase': 1.7750452119525687e-05}, {'b_ch': 0.032, 'roll_off': 0.15, 'p_ch': 0.001, 'p_nli': 1.3106429174335774e-05, 'p_ase': 1.7755098761756306e-05}, {'b_ch': 0.032, 'roll_off': 0.15, 'p_ch': 0.001, 'p_nli': 1.3201010097474627e-05, 'p_ase': 1.7759745403986931e-05}, {'b_ch': 0.032, 'roll_off': 0.15, 'p_ch': 0.001, 'p_nli': 1.3281393359179397e-05, 'p_ase': 1.7764392046217567e-05}, {'b_ch': 0.032, 'roll_off': 0.15, 'p_ch': 0.001, 'p_nli': 1.3349592768925201e-05, 'p_ase': 1.7769038688448189e-05}, {'b_ch': 0.032, 'roll_off': 0.15, 'p_ch': 0.001, 'p_nli': 1.3407122103590453e-05, 'p_ase': 1.7773685330678811e-05}, {'b_ch': 0.032, 'roll_off': 0.15, 'p_ch': 0.001, 'p_nli': 1.3455133265205577e-05, 'p_ase': 1.7778331972909433e-05}, {'b_ch': 0.032, 'roll_off': 0.15, 'p_ch': 0.001, 'p_nli': 1.3494507484591749e-05, 'p_ase': 1.7782978615140069e-05}, {'b_ch': 0.032, 'roll_off': 0.15, 'p_ch': 0.001, 'p_nli': 1.3525916999116457e-05, 'p_ase': 1.7787625257370694e-05}, {'b_ch': 0.032, 'roll_off': 0.15, 'p_ch': 0.001, 'p_nli': 1.3549867396690324e-05, 'p_ase': 1.7792271899601319e-05}, {'b_ch': 0.032, 'roll_off': 0.15, 'p_ch': 0.001, 'p_nli': 1.3566726783450205e-05, 'p_ase': 1.7796918541831941e-05}, {'b_ch': 0.032, 'roll_off': 0.15, 'p_ch': 0.001, 'p_nli': 1.3576745574636734e-05, 'p_ase': 1.7801565184062567e-05}, {'b_ch': 0.032, 'roll_off': 0.15, 'p_ch': 0.001, 'p_nli': 1.3580069262277975e-05, 'p_ase': 1.7806211826293196e-05}, {'b_ch': 0.032, 'roll_off': 0.15, 'p_ch': 0.001, 'p_nli': 1.3576745574636738e-05, 'p_ase': 1.7810858468523824e-05}, {'b_ch': 0.032, 'roll_off': 0.15, 'p_ch': 0.001, 'p_nli': 1.35667267834502e-05, 'p_ase': 1.7815505110754446e-05}, {'b_ch': 0.032, 'roll_off': 0.15, 'p_ch': 0.001, 'p_nli': 1.3549867396690317e-05, 'p_ase': 1.7820151752985079e-05}, {'b_ch': 0.032, 'roll_off': 0.15, 'p_ch': 0.001, 'p_nli': 1.3525916999116452e-05, 'p_ase': 1.7824798395215697e-05}, {'b_ch': 0.032, 'roll_off': 0.15, 'p_ch': 0.001, 'p_nli': 1.3494507484591749e-05, 'p_ase': 1.7829445037446326e-05}, {'b_ch': 0.032, 'roll_off': 0.15, 'p_ch': 0.001, 'p_nli': 1.3455133265205577e-05, 'p_ase': 1.7834091679676955e-05}, {'b_ch': 0.032, 'roll_off': 0.15, 'p_ch': 0.001, 'p_nli': 1.3407122103590445e-05, 'p_ase': 1.783873832190758e-05}, {'b_ch': 0.032, 'roll_off': 0.15, 'p_ch': 0.001, 'p_nli': 1.334959276892519e-05, 'p_ase': 1.7843384964138209e-05}, {'b_ch': 0.032, 'roll_off': 0.15, 'p_ch': 0.001, 'p_nli': 1.32813933591794e-05, 'p_ase': 1.7848031606368828e-05}, {'b_ch': 0.032, 'roll_off': 0.15, 'p_ch': 0.001, 'p_nli': 1.3201010097474627e-05, 'p_ase': 1.7852678248599453e-05}, {'b_ch': 0.032, 'roll_off': 0.15, 'p_ch': 0.001, 'p_nli': 1.3106429174335774e-05, 'p_ase': 1.7857324890830088e-05}, {'b_ch': 0.032, 'roll_off': 0.15, 'p_ch': 0.001, 'p_nli': 1.2994920551959511e-05, 'p_ase': 1.786197153306071e-05}, {'b_ch': 0.032, 'roll_off': 0.15, 'p_ch': 0.001, 'p_nli': 1.2862685322887754e-05, 'p_ase': 1.7866618175291339e-05}, {'b_ch': 0.032, 'roll_off': 0.15, 'p_ch': 0.001, 'p_nli': 1.2704249586685482e-05, 'p_ase': 1.7871264817521958e-05}, {'b_ch': 0.032, 'roll_off': 0.15, 'p_ch': 0.001, 'p_nli': 1.2511350712749763e-05, 'p_ase': 1.7875911459752587e-05}, {'b_ch': 0.032, 'roll_off': 0.15, 'p_ch': 0.001, 'p_nli': 1.2270704241936525e-05, 'p_ase': 1.7880558101983219e-05}, {'b_ch': 0.032, 'roll_off': 0.15, 'p_ch': 0.001, 'p_nli': 1.195896128622597e-05, 'p_ase': 1.7885204744213841e-05}, {'b_ch': 0.032, 'roll_off': 0.15, 'p_ch': 0.001, 'p_nli': 1.1529176631211453e-05, 'p_ase': 1.788985138644447e-05}, {'b_ch': 0.032, 'roll_off': 0.15, 'p_ch': 0.001, 'p_nli': 1.0862785807997626e-05, 'p_ase': 1.7894498028675085e-05}, {'b_ch': 0.032, 'roll_off': 0.15, 'p_ch': 0.001, 'p_nli': 9.4671526394647318e-06, 'p_ase': 1.7899144670905717e-05}]}
