# Output parameters. The values of OSNR are evaluated in the -3 dB channel band

osnr_lin_central_channel_db = 24.1843524543

osnr_nl_central_channel_db = 21.1375544803

osnr_lin_db = [ 24.20707818  24.20593907  24.20480025  24.20366173  24.20252351
  24.20138559  24.20024797  24.19911064  24.19797362  24.19683689
  24.19570045  24.19456432  24.19342848  24.19229294  24.19115769
  24.19002275  24.1888881   24.18775374  24.18661968  24.18548592
  24.18435245  24.18321928  24.18208641  24.18095383  24.17982154
  24.17868956  24.17755786  24.17642646  24.17529536  24.17416455
  24.17303403  24.17190381  24.17077388  24.16964425  24.16851491
  24.16738586  24.16625711  24.16512865  24.16400048  24.16287261
  24.16174503]

osnr_nl_db = [ 21.8704633   21.6112879   21.49246918  21.41731411  21.36344052
  21.32217199  21.2892571   21.26230478  21.23984179  21.22089975
  21.2048111   21.19109884  21.17941283  21.16949097  21.16113451
  21.15419184  21.14854754  21.14411492  21.14083089  21.13865245
  21.13755448  21.13752847  21.1385821   21.14073963  21.14404315
  21.14855476  21.15436008  21.16157329  21.17034456  21.18087091
  21.19341234  21.20831629  21.22605628  21.24729516  21.27299461
  21.30461795  21.34454037  21.39698538  21.47057287  21.58753913
  21.84393582]

spectrum = {'laser_position': [1, 0, 0, 0, 0, 0, 0, 0, 1, 0, 0, 0, 0, 0, 0, 0, 1, 0, 0, 0, 0, 0, 0, 0, 1, 0, 0, 0, 0, 0, 0, 0, 1, 0, 0, 0, 0, 0, 0, 0, 1, 0, 0, 0, 0, 0, 0, 0, 1, 0, 0, 0, 0, 0, 0, 0, 1, 0, 0, 0, 0, 0, 0, 0, 1, 0, 0, 0, 0, 0, 0, 0, 1, 0, 0, 0, 0, 0, 0, 0, 1, 0, 0, 0, 0, 0, 0, 0, 1, 0, 0, 0, 0, 0, 0, 0, 1, 0, 0, 0, 0, 0, 0, 0, 1, 0, 0, 0, 0, 0, 0, 0, 1, 0, 0, 0, 0, 0, 0, 0, 1, 0, 0, 0, 0, 0, 0, 0, 1, 0, 0, 0, 0, 0, 0, 0, 1, 0, 0, 0, 0, 0, 0, 0, 1, 0, 0, 0, 0, 0, 0, 0, 1, 0, 0, 0, 0, 0, 0, 0, 1, 0, 0, 0, 0, 0, 0, 0, 1, 0, 0, 0, 0, 0, 0, 0, 1, 0, 0, 0, 0, 0, 0, 0, 1, 0, 0, 0, 0, 0, 0, 0, 1, 0, 0, 0, 0, 0, 0, 0, 1, 0, 0, 0, 0, 0, 0, 0, 1, 0, 0, 0, 0, 0, 0, 0, 1, 0, 0, 0, 0, 0, 0, 0, 1, 0, 0, 0, 0, 0, 0, 0, 1, 0, 0, 0, 0, 0, 0, 0, 1, 0, 0, 0, 0, 0, 0, 0, 1, 0, 0, 0, 0, 0, 0, 0, 1, 0, 0, 0, 0, 0, 0, 0, 1, 0, 0, 0, 0, 0, 0, 0, 1, 0, 0, 0, 0, 0, 0, 0, 1, 0, 0, 0, 0, 0, 0, 0, 1, 0, 0, 0, 0, 0, 0, 0, 1, 0, 0, 0, 0, 0, 0, 0, 1, 0, 0, 0, 0, 0, 0, 0, 1, 0, 0, 0, 0, 0, 0, 0, 1, 0, 0, 0, 0, 0, 0, 0, 0, 0, 0, 0, 0, 0, 0, 0, 0, 0, 0, 0, 0, 0, 0, 0, 0, 0, 0, 0, 0, 0, 0, 0, 0, 0, 0, 0, 0, 0, 0, 0, 0, 0, 0, 0, 0, 0, 0, 0, 0, 0, 0, 0, 0, 0, 0, 0, 0, 0, 0, 0, 0, 0, 0, 0, 0, 0, 0, 0, 0, 0, 0, 0, 0, 0, 0, 0, 0, 0, 0, 0, 0, 0, 0, 0, 0, 0, 0, 0, 0, 0, 0, 0, 0, 0, 0, 0, 0, 0, 0, 0, 0, 0, 0, 0, 0, 0, 0, 0, 0, 0, 0, 0, 0, 0, 0, 0, 0, 0, 0, 0, 0, 0, 0, 0, 0, 0, 0, 0, 0, 0, 0, 0, 0, 0, 0, 0, 0, 0, 0, 0, 0, 0, 0, 0, 0, 0, 0, 0, 0, 0, 0, 0, 0, 0, 0, 0, 0, 0, 0, 0, 0, 0, 0, 0, 0, 0, 0, 0, 0, 0, 0, 0, 0, 0, 0, 0, 0, 0, 0, 0, 0, 0, 0, 0, 0, 0, 0, 0, 0, 0, 0, 0, 0, 0, 0, 0, 0, 0, 0, 0, 0, 0, 0, 0, 0, 0, 0, 0, 0, 0, 0, 0, 0, 0, 0, 0, 0, 0, 0, 0, 0, 0, 0, 0, 0, 0, 0, 0, 0, 0, 0, 0, 0, 0, 0, 0, 0, 0, 0, 0, 0, 0, 0, 0, 0, 0, 0, 0, 0, 0, 0, 0, 0, 0, 0, 0, 0, 0, 0, 0, 0, 0, 0, 0, 0, 0, 0, 0, 0, 0, 0, 0, 0, 0, 0, 0, 0, 0, 0, 0, 0, 0, 0, 0, 0, 0, 0, 0, 0, 0, 0, 0, 0, 0, 0, 0, 0, 0, 0, 0, 0, 0, 0, 0, 0, 0, 0, 0, 0, 0, 0, 0, 0, 0, 0, 0, 0, 0, 0, 0, 0, 0, 0, 0, 0, 0, 0, 0, 0, 0, 0, 0, 0, 0, 0, 0, 0, 0, 0, 0, 0, 0, 0, 0, 0, 0, 0, 0, 0, 0, 0, 0, 0, 0, 0, 0, 0, 0, 0, 0, 0, 0, 0, 0, 0, 0, 0, 0, 0, 0, 0, 0, 0, 0, 0, 0, 0, 0, 0, 0, 0, 0, 0, 0, 0, 0, 0, 0, 0, 0, 0, 0, 0, 0, 0, 0, 0, 0, 0, 0, 0, 0, 0, 0, 0, 0, 0, 0, 0, 0, 0, 0, 0, 0, 0, 0, 0, 0, 0, 0, 0, 0, 0, 0, 0, 0, 0, 0, 0, 0, 0, 0, 0, 0, 0, 0, 0, 0, 0, 0, 0, 0, 0, 0, 0, 0, 0, 0, 0, 0, 0, 0, 0, 0, 0, 0, 0, 0, 0, 0, 0, 0, 0, 0, 0, 0, 0, 0, 0, 0, 0, 0, 0, 0, 0, 0, 0, 0, 0, 0], 'signals': [{'b_ch': 0.032, 'roll_off': 0.15, 'p_ch': 1.0000000000000001e-05, 'p_nli': 2.704900754132781e-08, 'p_ase': 3.7957026389315734e-08}, {'b_ch': 0.032, 'roll_off': 0.15, 'p_ch': 1.0000000000000001e-05, 'p_nli': 3.1036530879993174e-08, 'p_ase': 3.7966983479809929e-08}, {'b_ch': 0.032, 'roll_off': 0.15, 'p_ch': 1.0000000000000001e-05, 'p_nli': 3.2940504660604137e-08, 'p_ase': 3.7976940570304131e-08}, {'b_ch': 0.032, 'roll_off': 0.15, 'p_ch': 1.0000000000000001e-05, 'p_nli': 3.4168460817788499e-08, 'p_ase': 3.7986897660798333e-08}, {'b_ch': 0.032, 'roll_off': 0.15, 'p_ch': 1.0000000000000001e-05, 'p_nli': 3.5059154976961494e-08, 'p_ase': 3.7996854751292521e-08}, {'b_ch': 0.032, 'roll_off': 0.15, 'p_ch': 1.0000000000000001e-05, 'p_nli': 3.5746716322142192e-08, 'p_ase': 3.8006811841786723e-08}, {'b_ch': 0.032, 'roll_off': 0.15, 'p_ch': 1.0000000000000001e-05, 'p_nli': 3.6297855961958492e-08, 'p_ase': 3.8016768932280925e-08}, {'b_ch': 0.032, 'roll_off': 0.15, 'p_ch': 1.0000000000000001e-05, 'p_nli': 3.6750529493965006e-08, 'p_ase': 3.802672602277512e-08}, {'b_ch': 0.032, 'roll_off': 0.15, 'p_ch': 1.0000000000000001e-05, 'p_nli': 3.7128344434170028e-08, 'p_ase': 3.8036683113269322e-08}, {'b_ch': 0.032, 'roll_off': 0.15, 'p_ch': 1.0000000000000001e-05, 'p_nli': 3.7446940498102203e-08, 'p_ase': 3.8046640203763517e-08}, {'b_ch': 0.032, 'roll_off': 0.15, 'p_ch': 1.0000000000000001e-05, 'p_nli': 3.7717171707070359e-08, 'p_ase': 3.8056597294257719e-08}, {'b_ch': 0.032, 'roll_off': 0.15, 'p_ch': 1.0000000000000001e-05, 'p_nli': 3.7946838169083986e-08, 'p_ase': 3.8066554384751914e-08}, {'b_ch': 0.032, 'roll_off': 0.15, 'p_ch': 1.0000000000000001e-05, 'p_nli': 3.8141693625500562e-08, 'p_ase': 3.807651147524611e-08}, {'b_ch': 0.032, 'roll_off': 0.15, 'p_ch': 1.0000000000000001e-05, 'p_nli': 3.8306063153115568e-08, 'p_ase': 3.8086468565740311e-08}, {'b_ch': 0.032, 'roll_off': 0.15, 'p_ch': 1.0000000000000001e-05, 'p_nli': 3.8443237900587355e-08, 'p_ase': 3.8096425656234513e-08}, {'b_ch': 0.032, 'roll_off': 0.15, 'p_ch': 1.0000000000000001e-05, 'p_nli': 3.8555735670262144e-08, 'p_ase': 3.8106382746728715e-08}, {'b_ch': 0.032, 'roll_off': 0.15, 'p_ch': 1.0000000000000001e-05, 'p_nli': 3.8645477140332722e-08, 'p_ase': 3.811633983722291e-08}, {'b_ch': 0.032, 'roll_off': 0.15, 'p_ch': 1.0000000000000001e-05, 'p_nli': 3.8713906847686627e-08, 'p_ase': 3.8126296927717106e-08}, {'b_ch': 0.032, 'roll_off': 0.15, 'p_ch': 1.0000000000000001e-05, 'p_nli': 3.8762076524143443e-08, 'p_ase': 3.8136254018211301e-08}, {'b_ch': 0.032, 'roll_off': 0.15, 'p_ch': 1.0000000000000001e-05, 'p_nli': 3.8790701641819238e-08, 'p_ase': 3.8146211108705503e-08}, {'b_ch': 0.032, 'roll_off': 0.15, 'p_ch': 1.0000000000000001e-05, 'p_nli': 3.880019789222278e-08, 'p_ase': 3.8156168199199718e-08}, {'b_ch': 0.032, 'roll_off': 0.15, 'p_ch': 1.0000000000000001e-05, 'p_nli': 3.8790701641819238e-08, 'p_ase': 3.8166125289693906e-08}, {'b_ch': 0.032, 'roll_off': 0.15, 'p_ch': 1.0000000000000001e-05, 'p_nli': 3.8762076524143423e-08, 'p_ase': 3.8176082380188102e-08}, {'b_ch': 0.032, 'roll_off': 0.15, 'p_ch': 1.0000000000000001e-05, 'p_nli': 3.8713906847686607e-08, 'p_ase': 3.8186039470682303e-08}, {'b_ch': 0.032, 'roll_off': 0.15, 'p_ch': 1.0000000000000001e-05, 'p_nli': 3.8645477140332709e-08, 'p_ase': 3.8195996561176499e-08}, {'b_ch': 0.032, 'roll_off': 0.15, 'p_ch': 1.0000000000000001e-05, 'p_nli': 3.8555735670262144e-08, 'p_ase': 3.8205953651670707e-08}, {'b_ch': 0.032, 'roll_off': 0.15, 'p_ch': 1.0000000000000001e-05, 'p_nli': 3.8443237900587355e-08, 'p_ase': 3.8215910742164902e-08}, {'b_ch': 0.032, 'roll_off': 0.15, 'p_ch': 1.0000000000000001e-05, 'p_nli': 3.8306063153115554e-08, 'p_ase': 3.8225867832659098e-08}, {'b_ch': 0.032, 'roll_off': 0.15, 'p_ch': 1.0000000000000001e-05, 'p_nli': 3.8141693625500542e-08, 'p_ase': 3.8235824923153299e-08}, {'b_ch': 0.032, 'roll_off': 0.15, 'p_ch': 1.0000000000000001e-05, 'p_nli': 3.7946838169083999e-08, 'p_ase': 3.8245782013647495e-08}, {'b_ch': 0.032, 'roll_off': 0.15, 'p_ch': 1.0000000000000001e-05, 'p_nli': 3.7717171707070346e-08, 'p_ase': 3.8255739104141696e-08}, {'b_ch': 0.032, 'roll_off': 0.15, 'p_ch': 1.0000000000000001e-05, 'p_nli': 3.744694049810221e-08, 'p_ase': 3.8265696194635898e-08}, {'b_ch': 0.032, 'roll_off': 0.15, 'p_ch': 1.0000000000000001e-05, 'p_nli': 3.7128344434170021e-08, 'p_ase': 3.8275653285130087e-08}, {'b_ch': 0.032, 'roll_off': 0.15, 'p_ch': 1.0000000000000001e-05, 'p_nli': 3.6750529493965006e-08, 'p_ase': 3.8285610375624289e-08}, {'b_ch': 0.032, 'roll_off': 0.15, 'p_ch': 1.0000000000000001e-05, 'p_nli': 3.6297855961958518e-08, 'p_ase': 3.8295567466118484e-08}, {'b_ch': 0.032, 'roll_off': 0.15, 'p_ch': 1.0000000000000001e-05, 'p_nli': 3.5746716322142165e-08, 'p_ase': 3.8305524556612686e-08}, {'b_ch': 0.032, 'roll_off': 0.15, 'p_ch': 1.0000000000000001e-05, 'p_nli': 3.5059154976961501e-08, 'p_ase': 3.8315481647106881e-08}, {'b_ch': 0.032, 'roll_off': 0.15, 'p_ch': 1.0000000000000001e-05, 'p_nli': 3.4168460817788493e-08, 'p_ase': 3.8325438737601083e-08}, {'b_ch': 0.032, 'roll_off': 0.15, 'p_ch': 1.0000000000000001e-05, 'p_nli': 3.294050466060415e-08, 'p_ase': 3.8335395828095285e-08}, {'b_ch': 0.032, 'roll_off': 0.15, 'p_ch': 1.0000000000000001e-05, 'p_nli': 3.1036530879993207e-08, 'p_ase': 3.834535291858948e-08}, {'b_ch': 0.032, 'roll_off': 0.15, 'p_ch': 1.0000000000000001e-05, 'p_nli': 2.7049007541327793e-08, 'p_ase': 3.8355310009083688e-08}]}
