# Output parameters. The values of OSNR are evaluated in the -3 dB channel band

osnr_lin_central_channel_db = 28.9555650015

osnr_nl_central_channel_db = 24.9324039576

osnr_lin_db = [ 28.97829073  28.97715161  28.9760128   28.97487428  28.97373606
  28.97259814  28.97146052  28.97032319  28.96918616  28.96804943
  28.966913    28.96577687  28.96464103  28.96350549  28.96237024
  28.96123529  28.96010064  28.95896629  28.95783223  28.95669847
  28.955565    28.95443183  28.95329896  28.95216638  28.95103409
  28.9499021   28.94877041  28.94763901  28.9465079   28.94537709
  28.94424658  28.94311636  28.94198643  28.94085679  28.93972745
  28.93859841  28.93746965  28.93634119  28.93521303  28.93408515
  28.93295757]

osnr_nl_db = [ 25.82082684  25.50152621  25.35670958  25.26563694  25.20062151
  25.15098326  25.11150678  25.07926645  25.05246346  25.02991748
  25.01081607  24.99457944  24.98078249  24.9691073   24.95931301
  24.95121603  24.94467669  24.93959017  24.9358802   24.93349489
  24.93240396  24.9325972   24.93408401  24.93689385  24.94107776
  24.94671106  24.95389753  24.96277563  24.9735276   24.9863926
  25.0016865   25.01983179  25.04140486  25.06721352  25.09843152
  25.13684786  25.18537238  25.24919263  25.33893171  25.48212801
  25.79885637]

spectrum = {'laser_position': [1, 0, 0, 0, 0, 0, 0, 0, 1, 0, 0, 0, 0, 0, 0, 0, 1, 0, 0, 0, 0, 0, 0, 0, 1, 0, 0, 0, 0, 0, 0, 0, 1, 0, 0, 0, 0, 0, 0, 0, 1, 0, 0, 0, 0, 0, 0, 0, 1, 0, 0, 0, 0, 0, 0, 0, 1, 0, 0, 0, 0, 0, 0, 0, 1, 0, 0, 0, 0, 0, 0, 0, 1, 0, 0, 0, 0, 0, 0, 0, 1, 0, 0, 0, 0, 0, 0, 0, 1, 0, 0, 0, 0, 0, 0, 0, 1, 0, 0, 0, 0, 0, 0, 0, 1, 0, 0, 0, 0, 0, 0, 0, 1, 0, 0, 0, 0, 0, 0, 0, 1, 0, 0, 0, 0, 0, 0, 0, 1, 0, 0, 0, 0, 0, 0, 0, 1, 0, 0, 0, 0, 0, 0, 0, 1, 0, 0, 0, 0, 0, 0, 0, 1, 0, 0, 0, 0, 0, 0, 0, 1, 0, 0, 0, 0, 0, 0, 0, 1, 0, 0, 0, 0, 0, 0, 0, 1, 0, 0, 0, 0, 0, 0, 0, 1, 0, 0, 0, 0, 0, 0, 0, 1, 0, 0, 0, 0, 0, 0, 0, 1, 0, 0, 0, 0, 0, 0, 0, 1, 0, 0, 0, 0, 0, 0, 0, 1, 0, 0, 0, 0, 0, 0, 0, 1, 0, 0, 0, 0, 0, 0, 0, 1, 0, 0, 0, 0, 0, 0, 0, 1, 0, 0, 0, 0, 0, 0, 0, 1, 0, 0, 0, 0, 0, 0, 0, 1, 0, 0, 0, 0, 0, 0, 0, 1, 0, 0, 0, 0, 0, 0, 0, 1, 0, 0, 0, 0, 0, 0, 0, 1, 0, 0, 0, 0, 0, 0, 0, 1, 0, 0, 0, 0, 0, 0, 0, 1, 0, 0, 0, 0, 0, 0, 0, 1, 0, 0, 0, 0, 0, 0, 0, 1, 0, 0, 0, 0, 0, 0, 0, 1, 0, 0, 0, 0, 0, 0, 0, 0, 0, 0, 0, 0, 0, 0, 0, 0, 0, 0, 0, 0, 0, 0, 0, 0, 0, 0, 0, 0, 0, 0, 0, 0, 0, 0, 0, 0, 0, 0, 0, 0, 0, 0, 0, 0, 0, 0, 0, 0, 0, 0, 0, 0, 0, 0, 0, 0, 0, 0, 0, 0, 0, 0, 0, 0, 0, 0, 0, 0, 0, 0, 0, 0, 0, 0, 0, 0, 0, 0, 0, 0, 0, 0, 0, 0, 0, 0, 0, 0, 0, 0, 0, 0, 0, 0, 0, 0, 0, 0, 0, 0, 0, 0, 0, 0, 0, 0, 0, 0, 0, 0, 0, 0, 0, 0, 0, 0, 0, 0, 0, 0, 0, 0, 0, 0, 0, 0, 0, 0, 0, 0, 0, 0, 0, 0, 0, 0, 0, 0, 0, 0, 0, 0, 0, 0, 0, 0, 0, 0, 0, 0, 0, 0, 0, 0, 0, 0, 0, 0, 0, 0, 0, 0, 0, 0, 0, 0, 0, 0, 0, 0, 0, 0, 0, 0, 0, 0, 0, 0, 0, 0, 0, 0, 0, 0, 0, 0, 0, 0, 0, 0, 0, 0, 0, 0, 0, 0, 0, 0, 0, 0, 0, 0, 0, 0, 0, 0, 0, 0, 0, 0, 0, 0, 0, 0, 0, 0, 0, 0, 0, 0, 0, 0, 0, 0, 0, 0, 0, 0, 0, 0, 0, 0, 0, 0, 0, 0, 0, 0, 0, 0, 0, 0, 0, 0, 0, 0, 0, 0, 0, 0, 0, 0, 0, 0, 0, 0, 0, 0, 0, 0, 0, 0, 0, 0, 0, 0, 0, 0, 0, 0, 0, 0, 0, 0, 0, 0, 0, 0, 0, 0, 0, 0, 0, 0, 0, 0, 0, 0, 0, 0, 0, 0, 0, 0, 0, 0, 0, 0, 0, 0, 0, 0, 0, 0, 0, 0, 0, 0, 0, 0, 0, 0, 0, 0, 0, 0, 0, 0, 0, 0, 0, 0, 0, 0, 0, 0, 0, 0, 0, 0, 0, 0, 0, 0, 0, 0, 0, 0, 0, 0, 0, 0, 0, 0, 0, 0, 0, 0, 0, 0, 0, 0, 0, 0, 0, 0, 0, 0, 0, 0, 0, 0, 0, 0, 0, 0, 0, 0, 0, 0, 0, 0, 0, 0, 0, 0, 0, 0, 0, 0, 0, 0, 0, 0, 0, 0, 0, 0, 0, 0, 0, 0, 0, 0, 0, 0, 0, 0, 0, 0, 0, 0, 0, 0, 0, 0, 0, 0, 0, 0, 0, 0, 0, 0, 0, 0, 0, 0, 0, 0, 0, 0, 0, 0, 0, 0, 0, 0, 0, 0, 0, 0, 0, 0, 0, 0, 0, 0, 0, 0, 0, 0, 0, 0, 0, 0, 0, 0, 0, 0, 0, 0, 0, 0, 0, 0, 0, 0, 0, 0, 0, 0, 0, 0, 0, 0, 0, 0, 0, 0, 0, 0, 0, 0, 0, 0, 0, 0, 0], 'signals': [{'b_ch': 0.032, 'roll_off': 0.15, 'p_ch': 1.0000000000000001e-05, 'p_nli': 1.3524503770663903e-08, 'p_ase': 1.2652342129771911e-08}, {'b_ch': 0.032, 'roll_off': 0.15, 'p_ch': 1.0000000000000001e-05, 'p_nli': 1.5518265439996587e-08, 'p_ase': 1.2655661159936644e-08}, {'b_ch': 0.032, 'roll_off': 0.15, 'p_ch': 1.0000000000000001e-05, 'p_nli': 1.6470252330302068e-08, 'p_ase': 1.2658980190101377e-08}, {'b_ch': 0.032, 'roll_off': 0.15, 'p_ch': 1.0000000000000001e-05, 'p_nli': 1.708423040889425e-08, 'p_ase': 1.2662299220266111e-08}, {'b_ch': 0.032, 'roll_off': 0.15, 'p_ch': 1.0000000000000001e-05, 'p_nli': 1.7529577488480747e-08, 'p_ase': 1.2665618250430841e-08}, {'b_ch': 0.032, 'roll_off': 0.15, 'p_ch': 1.0000000000000001e-05, 'p_nli': 1.7873358161071096e-08, 'p_ase': 1.2668937280595574e-08}, {'b_ch': 0.032, 'roll_off': 0.15, 'p_ch': 1.0000000000000001e-05, 'p_nli': 1.8148927980979246e-08, 'p_ase': 1.2672256310760308e-08}, {'b_ch': 0.032, 'roll_off': 0.15, 'p_ch': 1.0000000000000001e-05, 'p_nli': 1.8375264746982503e-08, 'p_ase': 1.2675575340925041e-08}, {'b_ch': 0.032, 'roll_off': 0.15, 'p_ch': 1.0000000000000001e-05, 'p_nli': 1.8564172217085014e-08, 'p_ase': 1.2678894371089775e-08}, {'b_ch': 0.032, 'roll_off': 0.15, 'p_ch': 1.0000000000000001e-05, 'p_nli': 1.8723470249051102e-08, 'p_ase': 1.2682213401254506e-08}, {'b_ch': 0.032, 'roll_off': 0.15, 'p_ch': 1.0000000000000001e-05, 'p_nli': 1.885858585353518e-08, 'p_ase': 1.268553243141924e-08}, {'b_ch': 0.032, 'roll_off': 0.15, 'p_ch': 1.0000000000000001e-05, 'p_nli': 1.8973419084541993e-08, 'p_ase': 1.2688851461583973e-08}, {'b_ch': 0.032, 'roll_off': 0.15, 'p_ch': 1.0000000000000001e-05, 'p_nli': 1.9070846812750281e-08, 'p_ase': 1.2692170491748703e-08}, {'b_ch': 0.032, 'roll_off': 0.15, 'p_ch': 1.0000000000000001e-05, 'p_nli': 1.9153031576557784e-08, 'p_ase': 1.2695489521913437e-08}, {'b_ch': 0.032, 'roll_off': 0.15, 'p_ch': 1.0000000000000001e-05, 'p_nli': 1.9221618950293677e-08, 'p_ase': 1.269880855207817e-08}, {'b_ch': 0.032, 'roll_off': 0.15, 'p_ch': 1.0000000000000001e-05, 'p_nli': 1.9277867835131072e-08, 'p_ase': 1.2702127582242903e-08}, {'b_ch': 0.032, 'roll_off': 0.15, 'p_ch': 1.0000000000000001e-05, 'p_nli': 1.9322738570166361e-08, 'p_ase': 1.2705446612407637e-08}, {'b_ch': 0.032, 'roll_off': 0.15, 'p_ch': 1.0000000000000001e-05, 'p_nli': 1.9356953423843313e-08, 'p_ase': 1.2708765642572369e-08}, {'b_ch': 0.032, 'roll_off': 0.15, 'p_ch': 1.0000000000000001e-05, 'p_nli': 1.9381038262071721e-08, 'p_ase': 1.2712084672737102e-08}, {'b_ch': 0.032, 'roll_off': 0.15, 'p_ch': 1.0000000000000001e-05, 'p_nli': 1.9395350820909616e-08, 'p_ase': 1.2715403702901835e-08}, {'b_ch': 0.032, 'roll_off': 0.15, 'p_ch': 1.0000000000000001e-05, 'p_nli': 1.940009894611139e-08, 'p_ase': 1.271872273306657e-08}, {'b_ch': 0.032, 'roll_off': 0.15, 'p_ch': 1.0000000000000001e-05, 'p_nli': 1.9395350820909619e-08, 'p_ase': 1.2722041763231304e-08}, {'b_ch': 0.032, 'roll_off': 0.15, 'p_ch': 1.0000000000000001e-05, 'p_nli': 1.9381038262071711e-08, 'p_ase': 1.2725360793396035e-08}, {'b_ch': 0.032, 'roll_off': 0.15, 'p_ch': 1.0000000000000001e-05, 'p_nli': 1.9356953423843303e-08, 'p_ase': 1.2728679823560769e-08}, {'b_ch': 0.032, 'roll_off': 0.15, 'p_ch': 1.0000000000000001e-05, 'p_nli': 1.9322738570166355e-08, 'p_ase': 1.2731998853725499e-08}, {'b_ch': 0.032, 'roll_off': 0.15, 'p_ch': 1.0000000000000001e-05, 'p_nli': 1.9277867835131072e-08, 'p_ase': 1.2735317883890236e-08}, {'b_ch': 0.032, 'roll_off': 0.15, 'p_ch': 1.0000000000000001e-05, 'p_nli': 1.9221618950293677e-08, 'p_ase': 1.2738636914054967e-08}, {'b_ch': 0.032, 'roll_off': 0.15, 'p_ch': 1.0000000000000001e-05, 'p_nli': 1.9153031576557777e-08, 'p_ase': 1.2741955944219699e-08}, {'b_ch': 0.032, 'roll_off': 0.15, 'p_ch': 1.0000000000000001e-05, 'p_nli': 1.9070846812750271e-08, 'p_ase': 1.2745274974384433e-08}, {'b_ch': 0.032, 'roll_off': 0.15, 'p_ch': 1.0000000000000001e-05, 'p_nli': 1.8973419084541996e-08, 'p_ase': 1.2748594004549164e-08}, {'b_ch': 0.032, 'roll_off': 0.15, 'p_ch': 1.0000000000000001e-05, 'p_nli': 1.8858585853535173e-08, 'p_ase': 1.2751913034713898e-08}, {'b_ch': 0.032, 'roll_off': 0.15, 'p_ch': 1.0000000000000001e-05, 'p_nli': 1.8723470249051105e-08, 'p_ase': 1.2755232064878633e-08}, {'b_ch': 0.032, 'roll_off': 0.15, 'p_ch': 1.0000000000000001e-05, 'p_nli': 1.8564172217085011e-08, 'p_ase': 1.2758551095043365e-08}, {'b_ch': 0.032, 'roll_off': 0.15, 'p_ch': 1.0000000000000001e-05, 'p_nli': 1.8375264746982503e-08, 'p_ase': 1.2761870125208098e-08}, {'b_ch': 0.032, 'roll_off': 0.15, 'p_ch': 1.0000000000000001e-05, 'p_nli': 1.8148927980979259e-08, 'p_ase': 1.2765189155372828e-08}, {'b_ch': 0.032, 'roll_off': 0.15, 'p_ch': 1.0000000000000001e-05, 'p_nli': 1.7873358161071083e-08, 'p_ase': 1.2768508185537561e-08}, {'b_ch': 0.032, 'roll_off': 0.15, 'p_ch': 1.0000000000000001e-05, 'p_nli': 1.752957748848075e-08, 'p_ase': 1.2771827215702295e-08}, {'b_ch': 0.032, 'roll_off': 0.15, 'p_ch': 1.0000000000000001e-05, 'p_nli': 1.7084230408894246e-08, 'p_ase': 1.2775146245867028e-08}, {'b_ch': 0.032, 'roll_off': 0.15, 'p_ch': 1.0000000000000001e-05, 'p_nli': 1.6470252330302075e-08, 'p_ase': 1.2778465276031762e-08}, {'b_ch': 0.032, 'roll_off': 0.15, 'p_ch': 1.0000000000000001e-05, 'p_nli': 1.5518265439996604e-08, 'p_ase': 1.2781784306196493e-08}, {'b_ch': 0.032, 'roll_off': 0.15, 'p_ch': 1.0000000000000001e-05, 'p_nli': 1.3524503770663897e-08, 'p_ase': 1.2785103336361228e-08}]}
