# Output parameters. The values of OSNR are evaluated in the -3 dB channel band

osnr_lin_central_channel_db = 17.8161314785

osnr_nl_central_channel_db = 15.354448235

osnr_lin_db = [ 17.83885721  17.83771809  17.83657927  17.83544076  17.83430254
  17.83316462  17.83202699  17.83088967  17.82975264  17.82861591
  17.82747948  17.82634334  17.8252075   17.82407196  17.82293672
  17.82180177  17.82066712  17.81953277  17.81839871  17.81726494
  17.81613148  17.81499831  17.81386543  17.81273285  17.81160057
  17.81046858  17.80933688  17.80820549  17.80707438  17.80594357
  17.80481305  17.80368283  17.8025529   17.80142327  17.80029393
  17.79916488  17.79803613  17.79690767  17.79577951  17.79465163
  17.79352405]

osnr_nl_db = [ 15.97928334  15.76111648  15.66032847  15.59630364  15.55026229
  15.51489987  15.48662879  15.46342767  15.44404922  15.42767259
  15.41373134  15.40182032  15.39164194  15.38297326  15.37564513
  15.36952844  15.36452485  15.36056047  15.35758149  15.35555124
  15.35444823  15.35426518  15.35500856  15.356699    15.35937228
  15.36308126  15.36789878  15.37392195  15.38127848  15.39013585
  15.40071493  15.41331074  15.42832502  15.44631967  15.46810911
  15.49493111  15.52879184  15.57325236  15.63556364  15.73436819
  15.94968642]

spectrum = {'laser_position': [1, 0, 0, 0, 0, 0, 0, 0, 1, 0, 0, 0, 0, 0, 0, 0, 1, 0, 0, 0, 0, 0, 0, 0, 1, 0, 0, 0, 0, 0, 0, 0, 1, 0, 0, 0, 0, 0, 0, 0, 1, 0, 0, 0, 0, 0, 0, 0, 1, 0, 0, 0, 0, 0, 0, 0, 1, 0, 0, 0, 0, 0, 0, 0, 1, 0, 0, 0, 0, 0, 0, 0, 1, 0, 0, 0, 0, 0, 0, 0, 1, 0, 0, 0, 0, 0, 0, 0, 1, 0, 0, 0, 0, 0, 0, 0, 1, 0, 0, 0, 0, 0, 0, 0, 1, 0, 0, 0, 0, 0, 0, 0, 1, 0, 0, 0, 0, 0, 0, 0, 1, 0, 0, 0, 0, 0, 0, 0, 1, 0, 0, 0, 0, 0, 0, 0, 1, 0, 0, 0, 0, 0, 0, 0, 1, 0, 0, 0, 0, 0, 0, 0, 1, 0, 0, 0, 0, 0, 0, 0, 1, 0, 0, 0, 0, 0, 0, 0, 1, 0, 0, 0, 0, 0, 0, 0, 1, 0, 0, 0, 0, 0, 0, 0, 1, 0, 0, 0, 0, 0, 0, 0, 1, 0, 0, 0, 0, 0, 0, 0, 1, 0, 0, 0, 0, 0, 0, 0, 1, 0, 0, 0, 0, 0, 0, 0, 1, 0, 0, 0, 0, 0, 0, 0, 1, 0, 0, 0, 0, 0, 0, 0, 1, 0, 0, 0, 0, 0, 0, 0, 1, 0, 0, 0, 0, 0, 0, 0, 1, 0, 0, 0, 0, 0, 0, 0, 1, 0, 0, 0, 0, 0, 0, 0, 1, 0, 0, 0, 0, 0, 0, 0, 1, 0, 0, 0, 0, 0, 0, 0, 1, 0, 0, 0, 0, 0, 0, 0, 1, 0, 0, 0, 0, 0, 0, 0, 1, 0, 0, 0, 0, 0, 0, 0, 1, 0, 0, 0, 0, 0, 0, 0, 1, 0, 0, 0, 0, 0, 0, 0, 1, 0, 0, 0, 0, 0, 0, 0, 0, 0, 0, 0, 0, 0, 0, 0, 0, 0, 0, 0, 0, 0, 0, 0, 0, 0, 0, 0, 0, 0, 0, 0, 0, 0, 0, 0, 0, 0, 0, 0, 0, 0, 0, 0, 0, 0, 0, 0, 0, 0, 0, 0, 0, 0, 0, 0, 0, 0, 0, 0, 0, 0, 0, 0, 0, 0, 0, 0, 0, 0, 0, 0, 0, 0, 0, 0, 0, 0, 0, 0, 0, 0, 0, 0, 0, 0, 0, 0, 0, 0, 0, 0, 0, 0, 0, 0, 0, 0, 0, 0, 0, 0, 0, 0, 0, 0, 0, 0, 0, 0, 0, 0, 0, 0, 0, 0, 0, 0, 0, 0, 0, 0, 0, 0, 0, 0, 0, 0, 0, 0, 0, 0, 0, 0, 0, 0, 0, 0, 0, 0, 0, 0, 0, 0, 0, 0, 0, 0, 0, 0, 0, 0, 0, 0, 0, 0, 0, 0, 0, 0, 0, 0, 0, 0, 0, 0, 0, 0, 0, 0, 0, 0, 0, 0, 0, 0, 0, 0, 0, 0, 0, 0, 0, 0, 0, 0, 0, 0, 0, 0, 0, 0, 0, 0, 0, 0, 0, 0, 0, 0, 0, 0, 0, 0, 0, 0, 0, 0, 0, 0, 0, 0, 0, 0, 0, 0, 0, 0, 0, 0, 0, 0, 0, 0, 0, 0, 0, 0, 0, 0, 0, 0, 0, 0, 0, 0, 0, 0, 0, 0, 0, 0, 0, 0, 0, 0, 0, 0, 0, 0, 0, 0, 0, 0, 0, 0, 0, 0, 0, 0, 0, 0, 0, 0, 0, 0, 0, 0, 0, 0, 0, 0, 0, 0, 0, 0, 0, 0, 0, 0, 0, 0, 0, 0, 0, 0, 0, 0, 0, 0, 0, 0, 0, 0, 0, 0, 0, 0, 0, 0, 0, 0, 0, 0, 0, 0, 0, 0, 0, 0, 0, 0, 0, 0, 0, 0, 0, 0, 0, 0, 0, 0, 0, 0, 0, 0, 0, 0, 0, 0, 0, 0, 0, 0, 0, 0, 0, 0, 0, 0, 0, 0, 0, 0, 0, 0, 0, 0, 0, 0, 0, 0, 0, 0, 0, 0, 0, 0, 0, 0, 0, 0, 0, 0, 0, 0, 0, 0, 0, 0, 0, 0, 0, 0, 0, 0, 0, 0, 0, 0, 0, 0, 0, 0, 0, 0, 0, 0, 0, 0, 0, 0, 0, 0, 0, 0, 0, 0, 0, 0, 0, 0, 0, 0, 0, 0, 0, 0, 0, 0, 0, 0, 0, 0, 0, 0, 0, 0, 0, 0, 0, 0, 0, 0, 0, 0, 0, 0, 0, 0, 0, 0, 0, 0, 0, 0, 0, 0, 0, 0, 0, 0, 0, 0, 0, 0, 0, 0, 0, 0, 0, 0, 0, 0, 0, 0, 0, 0, 0, 0, 0, 0, 0, 0, 0, 0, 0, 0, 0, 0, 0, 0, 0, 0, 0, 0, 0, 0, 0, 0], 'signals': [{'b_ch': 0.032, 'roll_off': 0.15, 'p_ch': 0.001, 'p_nli': 8.79092745093154e-06, 'p_ase': 1.6448044768703483e-05}, {'b_ch': 0.032, 'roll_off': 0.15, 'p_ch': 0.001, 'p_nli': 1.0086872535997784e-05, 'p_ase': 1.6452359507917638e-05}, {'b_ch': 0.032, 'roll_off': 0.15, 'p_ch': 0.001, 'p_nli': 1.0705664014696343e-05, 'p_ase': 1.6456674247131786e-05}, {'b_ch': 0.032, 'roll_off': 0.15, 'p_ch': 0.001, 'p_nli': 1.1104749765781266e-05, 'p_ase': 1.6460988986345944e-05}, {'b_ch': 0.032, 'roll_off': 0.15, 'p_ch': 0.001, 'p_nli': 1.1394225367512488e-05, 'p_ase': 1.6465303725560089e-05}, {'b_ch': 0.032, 'roll_off': 0.15, 'p_ch': 0.001, 'p_nli': 1.1617682804696214e-05, 'p_ase': 1.6469618464774247e-05}, {'b_ch': 0.032, 'roll_off': 0.15, 'p_ch': 0.001, 'p_nli': 1.1796803187636514e-05, 'p_ase': 1.6473933203988402e-05}, {'b_ch': 0.032, 'roll_off': 0.15, 'p_ch': 0.001, 'p_nli': 1.194392208553863e-05, 'p_ase': 1.647824794320255e-05}, {'b_ch': 0.032, 'roll_off': 0.15, 'p_ch': 0.001, 'p_nli': 1.2066711941105264e-05, 'p_ase': 1.6482562682416708e-05}, {'b_ch': 0.032, 'roll_off': 0.15, 'p_ch': 0.001, 'p_nli': 1.2170255661883218e-05, 'p_ase': 1.6486877421630856e-05}, {'b_ch': 0.032, 'roll_off': 0.15, 'p_ch': 0.001, 'p_nli': 1.2258080804797868e-05, 'p_ase': 1.6491192160845008e-05}, {'b_ch': 0.032, 'roll_off': 0.15, 'p_ch': 0.001, 'p_nli': 1.2332722404952296e-05, 'p_ase': 1.6495506900059169e-05}, {'b_ch': 0.032, 'roll_off': 0.15, 'p_ch': 0.001, 'p_nli': 1.2396050428287688e-05, 'p_ase': 1.6499821639273317e-05}, {'b_ch': 0.032, 'roll_off': 0.15, 'p_ch': 0.001, 'p_nli': 1.2449470524762564e-05, 'p_ase': 1.6504136378487469e-05}, {'b_ch': 0.032, 'roll_off': 0.15, 'p_ch': 0.001, 'p_nli': 1.2494052317690891e-05, 'p_ase': 1.6508451117701617e-05}, {'b_ch': 0.032, 'roll_off': 0.15, 'p_ch': 0.001, 'p_nli': 1.2530614092835195e-05, 'p_ase': 1.6512765856915778e-05}, {'b_ch': 0.032, 'roll_off': 0.15, 'p_ch': 0.001, 'p_nli': 1.2559780070608138e-05, 'p_ase': 1.651708059612993e-05}, {'b_ch': 0.032, 'roll_off': 0.15, 'p_ch': 0.001, 'p_nli': 1.2582019725498159e-05, 'p_ase': 1.6521395335344081e-05}, {'b_ch': 0.032, 'roll_off': 0.15, 'p_ch': 0.001, 'p_nli': 1.2597674870346618e-05, 'p_ase': 1.6525710074558233e-05}, {'b_ch': 0.032, 'roll_off': 0.15, 'p_ch': 0.001, 'p_nli': 1.2606978033591256e-05, 'p_ase': 1.6530024813772384e-05}, {'b_ch': 0.032, 'roll_off': 0.15, 'p_ch': 0.001, 'p_nli': 1.2610064314972403e-05, 'p_ase': 1.6534339552986539e-05}, {'b_ch': 0.032, 'roll_off': 0.15, 'p_ch': 0.001, 'p_nli': 1.2606978033591258e-05, 'p_ase': 1.6538654292200694e-05}, {'b_ch': 0.032, 'roll_off': 0.15, 'p_ch': 0.001, 'p_nli': 1.2597674870346616e-05, 'p_ase': 1.6542969031414842e-05}, {'b_ch': 0.032, 'roll_off': 0.15, 'p_ch': 0.001, 'p_nli': 1.2582019725498151e-05, 'p_ase': 1.6547283770629e-05}, {'b_ch': 0.032, 'roll_off': 0.15, 'p_ch': 0.001, 'p_nli': 1.2559780070608134e-05, 'p_ase': 1.6551598509843148e-05}, {'b_ch': 0.032, 'roll_off': 0.15, 'p_ch': 0.001, 'p_nli': 1.2530614092835195e-05, 'p_ase': 1.6555913249057303e-05}, {'b_ch': 0.032, 'roll_off': 0.15, 'p_ch': 0.001, 'p_nli': 1.2494052317690891e-05, 'p_ase': 1.6560227988271458e-05}, {'b_ch': 0.032, 'roll_off': 0.15, 'p_ch': 0.001, 'p_nli': 1.2449470524762555e-05, 'p_ase': 1.6564542727485609e-05}, {'b_ch': 0.032, 'roll_off': 0.15, 'p_ch': 0.001, 'p_nli': 1.2396050428287678e-05, 'p_ase': 1.6568857466699764e-05}, {'b_ch': 0.032, 'roll_off': 0.15, 'p_ch': 0.001, 'p_nli': 1.23327224049523e-05, 'p_ase': 1.6573172205913912e-05}, {'b_ch': 0.032, 'roll_off': 0.15, 'p_ch': 0.001, 'p_nli': 1.2258080804797868e-05, 'p_ase': 1.6577486945128063e-05}, {'b_ch': 0.032, 'roll_off': 0.15, 'p_ch': 0.001, 'p_nli': 1.2170255661883218e-05, 'p_ase': 1.6581801684342225e-05}, {'b_ch': 0.032, 'roll_off': 0.15, 'p_ch': 0.001, 'p_nli': 1.2066711941105261e-05, 'p_ase': 1.6586116423556373e-05}, {'b_ch': 0.032, 'roll_off': 0.15, 'p_ch': 0.001, 'p_nli': 1.194392208553863e-05, 'p_ase': 1.6590431162770528e-05}, {'b_ch': 0.032, 'roll_off': 0.15, 'p_ch': 0.001, 'p_nli': 1.1796803187636519e-05, 'p_ase': 1.6594745901984676e-05}, {'b_ch': 0.032, 'roll_off': 0.15, 'p_ch': 0.001, 'p_nli': 1.1617682804696207e-05, 'p_ase': 1.6599060641198831e-05}, {'b_ch': 0.032, 'roll_off': 0.15, 'p_ch': 0.001, 'p_nli': 1.1394225367512488e-05, 'p_ase': 1.6603375380412989e-05}, {'b_ch': 0.032, 'roll_off': 0.15, 'p_ch': 0.001, 'p_nli': 1.1104749765781259e-05, 'p_ase': 1.6607690119627137e-05}, {'b_ch': 0.032, 'roll_off': 0.15, 'p_ch': 0.001, 'p_nli': 1.070566401469635e-05, 'p_ase': 1.6612004858841292e-05}, {'b_ch': 0.032, 'roll_off': 0.15, 'p_ch': 0.001, 'p_nli': 1.0086872535997795e-05, 'p_ase': 1.6616319598055436e-05}, {'b_ch': 0.032, 'roll_off': 0.15, 'p_ch': 0.001, 'p_nli': 8.7909274509315366e-06, 'p_ase': 1.6620634337269595e-05}]}
